PC1 atom displacements (eigenvalue=12.01417192377616) total=70.2559418044276:
1.449426091058090595e-02 4.156310828451522527e-02 -1.294127584670463627e-01
-7.474995439378396417e-03 1.415686191833460950e-02 -3.456455403294975137e-02
-1.586185544446847354e-02 6.612402788224240081e-03 -1.012302835280801637e-02
-3.060050693321388418e-02 -1.636788899104295661e-02 -2.211526932133694133e-03
-3.128863845690452172e-02 -2.681599134848565436e-02 -3.446551277552623027e-02
-2.937918774537533195e-02 -9.964588659994380246e-03 -2.835700647860292176e-02
-2.490216307439686166e-02 -1.942527956250081345e-02 -1.124164614719726403e-02
-3.651294361900660895e-02 -3.479277157022166861e-02 -1.824117510235017184e-02
-2.243652712201646415e-02 -4.138118864507593642e-02 -3.885110036480633744e-02
-2.741451159774240323e-02 -3.947708332915754459e-02 -3.164885059728876626e-02
-4.130035412149712232e-02 -4.011741675078409064e-02 -1.912412918159214423e-02
-6.823514380078808672e-02 -4.761997039137477045e-02 -2.764975609519856187e-02
-7.860975032133468710e-02 -4.831370629678816142e-02 -2.406058001523572396e-02
-1.113847451445620917e-01 -2.738848562594577499e-02 -9.596369669719821693e-02
-1.055503830816134220e-01 -1.092476293127289805e-01 -7.407791614957019710e-02
-7.462154408143401377e-03 -1.121820389326601136e-01 -6.668766808505807719e-02
4.723495591111178532e-02 -6.793072038378580868e-02 -2.037031403032627322e-02
1.430806135021412684e-01 1.871044975127000506e-02 7.846517119094589821e-02
5.549723957107634276e-02 1.302769883510998192e-02 5.947435789729828975e-02
9.443199211340080890e-02 3.212269825197838075e-02 7.106530782368090937e-02
1.422262320759061505e-01 1.088617478654450334e-02 2.444592708297295587e-03
8.150252646524622224e-02 -2.221442798108781876e-03 -4.463073085232521775e-02
1.804632767228790680e-02 -3.819556976325482692e-03 -2.030725477976707757e-02
2.722599639008803016e-02 -1.082412388433067613e-02 -3.195148297062820608e-02
3.865054258886160138e-02 -4.551484810506112311e-02 -7.189632873818165015e-02
4.130856449657299700e-03 -6.540868690444789912e-02 -1.003078465881648146e-01
-1.587621263547104450e-02 -6.702515502956557514e-02 -9.521218245949035486e-02
-3.175949987056300716e-02 -4.605259894052275010e-02 -5.127977857589875038e-02
-2.444011996053455441e-02 -4.716044158922733098e-02 -5.538673389243770062e-02
-2.157948000775540207e-02 -2.023310978525535986e-02 4.243610376863989758e-03
-6.928551164729702949e-02 -3.300795192601955336e-02 1.574436794140095935e-02
-8.019705429343554348e-02 -1.415930520940991873e-02 6.066022725971947915e-02
-7.013087555086464087e-02 -1.894764947455130841e-02 4.890324455256983560e-02
-3.879458611224780723e-02 -4.258861238126190885e-02 -2.633612456736329332e-03
-4.823306921612209586e-02 -5.791764398110101075e-02 -2.915373877812597880e-02
-2.056521231036662067e-02 -5.332124902857522664e-02 -7.021511047223447100e-02
-2.908875437138600320e-02 -4.371337273749707070e-02 -5.187461964615341231e-02
-5.087221418647735333e-02 -5.442316955213118840e-02 -3.839412109426146302e-02
-1.111448235585541476e-02 -1.782232569992360516e-02 2.721576336966355716e-02
-2.014434602906021651e-02 6.373942905451281289e-03 5.144262394364133850e-02
-1.385634854136777103e-02 9.387174588195389829e-03 6.264148547214676288e-02
2.060778108818690779e-02 2.582464280678990406e-02 8.265214682040072924e-02
3.600868665505090049e-02 3.892546000068922152e-02 4.103510207359428036e-02
2.319105846640099125e-02 3.695742356111719751e-02 1.498312620220623552e-02
4.286883623047108710e-02 4.725189902493557442e-02 4.738970123776225368e-02
6.197709340942363088e-02 6.034453181926594661e-02 4.932394229918017625e-02
1.331457755523663203e-02 7.891923615755237764e-02 7.908096028725794535e-02
-1.013666145923392860e-02 7.122569954416442528e-02 1.576540730404764334e-02
-2.052380397180433511e-02 5.392967803193273596e-02 -4.643095483266173468e-02
2.179125819013257026e-01 -2.535744952650308831e-02 -3.829492060285986932e-02
1.703506949848583585e-01 -3.908883129180330124e-02 8.965311344090469425e-02
1.944112041300357085e-01 -5.063066732170672796e-02 1.722692020026695692e-01
1.779870110317484100e-01 -6.306466089618671667e-02 1.221610887929607814e-01
2.350968722496095398e-02 -5.003729270242422006e-02 4.601955149529971673e-02
2.339137000955622547e-02 4.396494963450509746e-02 -8.376995941484973243e-03
3.236616337670773606e-03 5.501852094991722258e-02 -4.147646060649188421e-02
1.199616406473415567e-02 5.911644183689276216e-02 -4.342487356657565717e-02
9.183973189832502371e-04 4.216987137405493052e-02 -5.734315886714102389e-02
-3.009601246116349292e-03 2.862691378902548073e-02 -2.245611046611847503e-02
1.809699608306691507e-02 4.840563832272504891e-02 -1.803616003736366671e-02
-2.128916517876701386e-02 1.662665919635553796e-02 -1.136585427501280408e-02
-1.945394145552268098e-02 -1.102148487636994863e-02 -2.218119759425313600e-02
-1.132779307713095186e-02 -4.044019121456886301e-02 -2.553914428143995094e-02
-1.265089638263340241e-02 -6.006896580620863652e-02 -2.810833657514192133e-02
-4.593076222674121606e-02 -8.084752541277634430e-02 -6.407958299627203314e-02
1.001601617565272412e-02 -1.117409368201363953e-02 -4.441148820242045089e-03
2.636178604958770450e-03 -2.192070211187853099e-02 7.623013256859731412e-02
4.446964462702233251e-02 2.201681338037608099e-02 1.087524516681468850e-01
-2.384566407439461452e-02 4.035947906569072735e-02 1.089066670448469720e-01
-2.270143671526937343e-02 4.073690566234598048e-02 1.086645058334650554e-01
-1.045878912623271831e-02 7.424122646001264647e-02 1.503967853793021225e-01
-2.667665914435510960e-02 8.742765071242694641e-02 1.815379359467707010e-01
3.051779456064787188e-03 7.856665567576776033e-02 1.510673788811946194e-01
-1.102258912400555339e-02 3.776504179140369871e-02 1.099261994370828860e-01
1.453478577824231580e-02 2.194317213311061318e-02 6.323253478023252439e-02
4.715671182493898217e-02 5.534776610379581879e-02 9.153782773343333012e-02
3.601533142874761839e-02 5.462992394213758013e-02 9.721495085156835192e-02
3.901821255959318779e-02 7.454984148986128212e-02 1.246058017089763936e-01
2.136649309110937034e-02 5.873673551892599765e-02 9.531665584885225251e-02
9.521815622425319064e-03 -1.655166573668935895e-02 5.170177315500640997e-02
-5.837556228430352580e-03 -3.624940509003814204e-02 -3.547944945017434022e-03
-2.012667679262522893e-02 -5.719643422963312934e-02 -1.107584490154142100e-02
-2.423445431141031670e-02 -6.823452200048095440e-02 -2.334482157228236210e-02
-2.806655928475616096e-02 -3.158590595469973339e-02 -4.753895030641377972e-02
-2.425327883162197232e-02 -5.468736756021413091e-03 -4.986425083065922775e-02
-3.033863394442696051e-02 -1.595253432991475609e-02 -6.579355076175207040e-02
-2.432569049287120269e-02 -4.381513883111951696e-03 -7.160489869717502620e-02
-2.830490276903680283e-02 1.901406838413228703e-02 -4.813315628608948182e-02
-9.826302874976537705e-03 4.183571640962902016e-02 -2.924070863356223807e-02
-2.722379732886317724e-02 6.399877158896558060e-02 -1.299957238830489782e-02
-2.760280494898502412e-02 6.103983567743383187e-02 -1.985691682051250392e-02
-9.671320189801957748e-03 5.834392575030529493e-02 2.948660853931530518e-02
-1.418479760834136932e-02 6.392539434958134648e-02 1.843687288387764120e-02
-1.115196180017940554e-02 4.351701022642980032e-02 1.436160885720902392e-02
-1.978397425274034879e-02 4.416785323362168447e-02 -2.517241494013042636e-03
-3.389924753900636079e-02 2.894421968195031239e-02 -2.180435607891595060e-02
-3.024598243990562346e-02 1.910956066972711517e-02 -3.923270885309232403e-02
-3.296676141857283332e-02 1.195547823960423778e-02 -4.716970966869517279e-02
-2.895386262783595024e-03 7.745425817114557666e-03 -7.472849737754680421e-02
-1.359684045484617354e-02 -1.906519943922957774e-02 -8.619853935131056855e-02
-2.639644482852359156e-02 -3.247029372568686900e-02 -9.108729117678480980e-02
-1.253273771223144262e-02 -1.718897398957401623e-02 -9.378710320873934192e-02
-3.132051923025887252e-02 2.481425065999842694e-02 -1.193519738405307978e-01
-2.192126139235294272e-02 4.830225163831888130e-02 -1.032831017538164559e-01

PC2 atom displacements (eigenvalue=8.393788896670976) total=70.2559418044276:
5.296367139018719195e-02 5.803779868856629581e-02 1.725906236564254612e-02
2.273923587214458572e-02 4.757523479820240792e-02 5.367119837662727433e-02
-5.529389193902739790e-04 3.861746475759621905e-02 2.963688974928304840e-02
-1.141732937133219453e-02 6.760139084512371832e-02 2.867854656982647688e-02
-2.720835761955420207e-03 6.947927330852379790e-02 4.614161870735171422e-02
-4.344126636454609738e-03 4.442273647319779084e-02 3.592563114997533724e-02
-1.642111380008543994e-02 6.115850653835586126e-02 4.247875886231303535e-03
-2.124978318849025938e-02 9.263994505373321364e-02 1.907843997075268569e-02
-3.649475490260933961e-03 7.194123205067452786e-02 3.031972395695920960e-02
-1.139306776452785573e-02 4.807643188118427419e-02 1.315598704862222523e-02
-2.439051067629514208e-02 5.417942465804773122e-02 -1.026744892017244365e-02
-2.050869756287984971e-02 6.675186024211576807e-02 -1.402330813503407762e-02
-2.224971063030396767e-02 6.910221750712694511e-02 -1.756370350084058077e-02
-2.026160780904577921e-02 5.645211745646808166e-02 -1.254249517929180262e-02
-1.955578931175274565e-02 1.884257262736713581e-02 8.688684394157581911e-03
1.305862373866898199e-02 2.468755881094041038e-02 1.979708842100357316e-02
8.805601360606955461e-03 2.034590277811298628e-02 1.083818379120612269e-02
3.899773380944949672e-03 -1.038952400156642301e-02 -2.151135638066801331e-02
4.325082776246284150e-02 9.213767681638885404e-03 -3.682676763949193494e-02
-8.476371878562305060e-04 -3.599433803803477050e-02 -6.953207380040880847e-02
-1.395077671403588057e-02 -6.410957107359156748e-02 -9.142892102367027735e-03
2.577151082848367150e-02 -4.020717267460047206e-02 1.884201797058032354e-02
3.528070602020505486e-02 -1.260566427644755141e-02 -3.071245182452886011e-02
5.939216797082647742e-02 -4.182779831734129150e-02 -6.919296870308049019e-02
4.853561135949769484e-02 -1.766502574146699631e-02 -6.077615408312163348e-02
4.170637203305924134e-02 2.362113795140918446e-02 -9.882531797612066626e-02
2.265171901723425987e-02 6.506221566088636610e-02 -6.209532947165601058e-02
2.012472757477574634e-02 6.628762762493667360e-02 -6.546574183386619228e-02
5.055530385639436797e-02 3.319998588980878351e-02 -1.307942521145546710e-01
5.886012594704031348e-02 5.714701226785755955e-03 -1.083874209197036032e-01
4.122603034617824264e-02 2.354147512971078646e-02 -1.048642917284715037e-01
3.749542053626993970e-02 1.726706773091821537e-02 -8.957610612521921256e-02
2.428250262816893448e-02 2.999187636352821165e-02 -5.376250437864496523e-02
9.987845669497731962e-03 4.264381733827524168e-02 -1.704880593591757976e-02
-9.467010840438525726e-03 4.180505612260156795e-02 -2.509984973118685719e-03
-1.866490781147701200e-02 3.883423383149753327e-02 1.480875983840643055e-02
-2.793535449942216586e-02 3.368282453835878126e-02 6.061571707254099876e-03
-3.800742918435610213e-02 3.441448999838606776e-02 4.266961320291521600e-04
-1.605735611408286648e-02 3.974309961289578669e-02 1.787276015984419139e-02
-1.856641817373994724e-02 4.637477255653808111e-02 -2.821928810181197414e-02
-3.087350344008384095e-02 3.310566516463925302e-02 -3.265187487466852945e-02
-3.788918707493929561e-02 1.308223864003943589e-02 -4.819535939357963428e-02
-3.822223659890977565e-02 5.164051094024995486e-03 -4.786289233816125310e-02
-3.658601299182329819e-02 7.267198846444618276e-03 -3.045343699131028078e-02
-3.283111380732808143e-02 -1.312370761213682785e-03 -2.337121663398447277e-02
-1.501963053046158868e-02 -1.372881499932364878e-02 -4.063566834500177694e-02
5.828003183301929194e-03 -1.740791150898562956e-02 -6.606029312836392275e-02
1.512387660654678986e-02 -3.980486733812029637e-02 -9.030219639195473380e-03
4.572120909238315545e-02 -7.666304255594316719e-02 -4.818073004964766592e-02
2.031561497153133999e-01 -1.730174792006119455e-01 -3.887869751169364257e-02
1.644592832245328762e-01 -1.790783489751097135e-01 7.869310925038237869e-02
1.647355948486879662e-01 -2.445462960643934591e-01 1.994937762460439190e-01
9.132176951306121560e-02 -2.427709200729129269e-01 1.834126822888614283e-01
-3.967024501928849423e-02 -1.970148751725350755e-01 1.510860009150752081e-01
-3.906105773737488657e-02 -9.032420519839529094e-02 9.205371288225344673e-02
-5.590756939249886398e-02 -1.050906712547583499e-02 7.300928229480947718e-02
-1.657787145982592136e-02 1.562926079839096691e-02 4.155791764958664813e-02
-1.637482767380923562e-02 3.252360432977706439e-02 2.740324646251195498e-02
-1.719903796538931051e-02 3.139466672223718835e-02 2.810173573915625278e-02
-1.516297562226933196e-02 3.504551080100967719e-02 3.253879563620493826e-02
-9.256399788551191582e-03 3.506596300848800751e-02 3.497663657626771949e-02
-1.733707330399050436e-02 3.658895139058755686e-02 3.003672345194758134e-02
-2.431204881851357219e-02 3.279111025076897334e-02 3.324971064423831724e-02
-2.815749462481777210e-02 2.382196759791412044e-02 3.100884825836920655e-02
-2.866407369416867565e-02 2.013988670496888109e-02 2.068478437658840749e-02
-1.683882449612984777e-02 1.742782896652469299e-02 2.015657687184755839e-02
-2.801751052347030424e-02 2.239602433311042862e-02 -2.271296574488174125e-02
-5.755490056562627237e-03 7.539426337499870179e-03 -4.373007856057448128e-02
2.155789050871619733e-02 -1.366198652031782408e-03 -5.258810649380186303e-02
3.928759018072048442e-02 -1.784156956434636981e-02 -7.373142221889504577e-02
5.303843801473682312e-02 -4.710727445003468072e-02 -7.223086898703326431e-02
6.608773816970460457e-02 -5.925064504084447126e-02 -1.002067779898982575e-01
7.948708880619431705e-02 -6.718542188899055689e-02 -1.104798787202323634e-01
7.473319901615918526e-02 -4.347512633395627518e-02 -1.268725957396588666e-01
6.416801721386367063e-02 -3.622005149531030976e-02 -1.034280602992434378e-01
6.182133240843155214e-02 -5.614561651822175259e-02 -7.624951644500255199e-02
4.050986062756060241e-02 -4.214427200266279011e-02 -5.057909232424076529e-02
3.335886536316503420e-02 -3.490866165546819416e-02 -2.340797757458727354e-02
1.783432607859269242e-02 -2.522373409412122236e-02 -1.035158537715311251e-02
-8.543382700651996897e-03 1.227001733823524432e-03 2.281597748389813801e-02
-2.164678174706003572e-02 4.087870864679612158e-03 2.211661175160146986e-02
-2.609645116640314441e-02 1.183226383259210202e-02 2.512139560341928798e-02
-2.664984804202411017e-02 2.127954626420585152e-02 3.069530404509017776e-02
-2.650162418988614640e-02 3.634078103684099809e-02 2.094414158228886241e-02
-2.473615568535750264e-02 4.160523201363577200e-02 2.124686552840818893e-02
-3.441233155197209043e-02 3.169660995166998646e-02 1.846368593847011463e-02
-3.633811506018253673e-02 2.126663171118954934e-02 2.775662226328728249e-02
-3.947681135354341037e-02 1.629890785873723200e-02 4.696957913154678477e-02
-4.205052891070497345e-02 -8.046590392829957097e-03 6.051964458906556460e-02
-2.749528812830195207e-02 -2.739572306830003606e-02 5.055026922990843441e-02
-2.957971664295533376e-02 -5.634340098337137226e-02 5.250078600392436151e-02
-2.349029161886145422e-03 -8.390599711070639843e-02 4.736150558644465491e-02
2.895896112101318740e-02 -5.188089789316242123e-02 2.448425794755038770e-02
-7.698106368723583483e-03 -2.034783592826617388e-02 1.691044214935835330e-02
-1.885303223906259137e-02 -1.222095490935188580e-04 3.274077223621633254e-02
-4.232255842137426505e-02 2.187913898019229388e-03 5.923667491057450080e-02
-4.638308371609549396e-02 6.644595539795753771e-03 5.831724226969153824e-02
-4.859796910069243137e-02 1.483894043387266708e-02 3.935277861247547804e-02
-5.326696906440224477e-02 2.338729045910717050e-02 3.451680605489115816e-02
-5.601433188039826871e-02 3.127520204734701020e-02 1.862711931947940228e-02
-5.218542038756066037e-02 3.824512377787572803e-02 3.838629042313339550e-03
-6.651492644932244236e-02 3.968106177881585567e-02 1.852141140201832292e-02
-1.388693969229442271e-01 4.758440389868952292e-03 3.390030663855522070e-02
-1.432690593271976620e-01 1.094188903312475446e-02 1.251069702834600728e-01

PC3 atom displacements (eigenvalue=6.0348916188475) total=70.2559418044276:
-1.590943034544524404e-02 -1.585968954591727639e-02 -1.547370332020792660e-01
-6.777637361519306229e-03 -3.518129625000376154e-02 -9.342854410736715909e-02
-1.814019849193540404e-03 -3.601941145697239860e-02 -7.515213212750350424e-02
1.665661033076980962e-02 -4.067646587799182006e-02 -8.156645105113514982e-02
1.517943372760726176e-02 -3.647845754136010837e-02 -7.300976414038888584e-02
7.581688106341979982e-03 -3.360395327183657993e-02 -5.816179588248405335e-02
2.501628427245021838e-02 -3.091867975933755217e-02 -6.411995116106680714e-02
3.488046161133371431e-02 -2.160104399856296181e-02 -6.108817959305186396e-02
2.553016083635599454e-02 -1.997490927149737569e-02 -3.715106130015122243e-02
1.944215669509958763e-02 -2.292141094978386237e-02 -3.028919798805104063e-02
1.889875673300459719e-02 -2.611323182581899369e-02 -2.178763112251183229e-02
3.277895532828651454e-02 -3.748216946041506986e-02 -1.034087515488710945e-02
1.717131388941587136e-02 -4.774830789660015201e-02 8.957047873077326680e-03
1.565699512454132511e-02 -6.050467415833880175e-02 -5.180895863076867384e-03
1.470006542988026507e-02 -4.084152106586411146e-02 -8.798910415798456494e-03
-3.345012782674844365e-02 4.326746195341994554e-03 2.370329076846043256e-02
-7.975153896496010864e-02 -2.288440874169300407e-02 1.598420082094631142e-02
-1.667911528309291846e-01 -3.441491273817166158e-02 2.346125021356617983e-03
-1.297651345147523005e-01 -4.032399570836062846e-02 2.538417338574619139e-02
-5.412247017289609219e-02 -8.425473598507047851e-05 5.562662906136054547e-02
-9.606080120758253571e-02 1.093080637218963452e-01 1.183185186426121728e-02
-1.177738050170051703e-01 1.119229260856999392e-01 -2.753613998916999272e-03
-5.516460687247707467e-02 6.956437445360878769e-02 4.484302867915700846e-02
-6.657991985672673252e-02 1.339853960023811019e-01 1.028444925836394103e-01
-8.032927453384106076e-02 1.706549013984188790e-01 1.362079012376199438e-01
-1.682568587320332210e-02 1.620266010556556668e-01 2.232327095677809070e-01
1.267677456401903983e-02 7.573999654169578932e-02 1.494575517587761471e-01
3.086843701275965302e-02 4.547992768501300798e-02 1.311010581906223715e-01
2.352977817228603039e-02 9.255651527951086477e-02 2.092946200615029839e-01
2.441828518367580858e-02 5.038205812807879103e-02 1.352903180771795055e-01
8.565142923125219909e-02 3.102523180238136655e-02 1.212206240512631872e-01
1.069483625533456661e-01 -2.352386661808174989e-02 4.802868581180553403e-02
8.146365494041858668e-02 -3.762818534369721801e-02 2.665316301857081557e-02
5.056338372667529280e-02 -2.608834300009414686e-02 5.042016417893278001e-03
3.290684078007529573e-02 -3.575243288720982709e-02 -4.371561704258166911e-03
1.874661789260657907e-02 -2.988843434915587974e-02 -4.711447021980627939e-03
1.173635798658591994e-02 -3.090246382300403452e-02 -6.546211751827135834e-03
2.282462026880430553e-02 -3.670127689766854162e-02 4.361412245378994308e-03
7.132960173571242790e-02 -1.024432498566589002e-02 6.657458827625900577e-02
7.340711919881875991e-02 -1.489340064481990689e-02 4.855184500904217992e-02
5.161690972101937169e-02 -1.902343087187875065e-02 1.630897629259266471e-02
4.960174579243269849e-02 -2.416160188943586567e-03 2.859528200079285848e-02
5.263934961530711970e-02 1.387642428633241790e-02 2.466283316419265112e-02
3.550141867797834694e-02 1.271200368983883312e-02 4.332892725030872659e-03
3.425600788544138492e-02 1.207949373547987683e-02 3.565094761062342910e-03
4.569750127487470087e-02 3.404783250898164165e-02 1.543136801479752691e-02
1.163033152184907420e-03 6.396891501117282774e-02 2.004738857325322546e-02
-2.580490987143670145e-02 3.752470804842879953e-02 -1.980437185911857953e-02
-1.176929407373211028e-02 9.413774958448927616e-03 -6.330827035811664727e-02
1.080337291704427105e-01 -5.183990158808503973e-02 -5.568650305875429141e-02
9.344256234074233003e-02 -5.701764852220812113e-02 3.205922123476630248e-02
1.039413944293811898e-01 -7.554291155745768149e-02 9.560631705378332124e-02
9.821866636812076612e-02 -8.522435320355184474e-02 5.226881717562470442e-02
-5.264625660850596328e-02 -5.971135479928170453e-02 -1.957722060120770796e-02
-5.403463430414432583e-02 2.111430471607862042e-02 -4.254350649780878901e-02
-6.638814083933709809e-02 3.816942526433280553e-02 -6.131492177087544820e-02
-3.934705887900395715e-02 5.536484987504653593e-02 -3.073039845187954325e-02
-3.213695769622448156e-02 5.934386637010267279e-02 -2.272870417492152406e-02
7.389129484469216837e-03 4.877136979561292468e-02 1.257721005762805870e-02
3.078155514175538038e-02 8.707481421507209940e-02 4.195752151030444216e-02
6.531109691342988632e-02 7.001153403765374150e-02 6.421178715337753917e-02
4.514141627409241214e-02 5.912971078222406529e-02 4.639585792866368630e-02
3.754099682873911908e-02 1.129098889043675565e-02 4.968980290802701982e-02
2.578796118679092114e-02 -1.828364116907692238e-02 4.212232852405109473e-02
1.433978522365025703e-02 -3.515640559411570276e-02 4.048566982399916649e-05
8.821568368351462297e-03 -6.128218424436913947e-02 -1.570695459138121003e-02
4.266887340981286025e-02 -6.650898424928917974e-02 7.002298042926968953e-03
4.398196815036611862e-02 -6.106321585184616013e-02 1.260029657809892505e-02
5.093928038647334289e-02 -6.071642105976546300e-02 -1.075316263869628523e-02
4.810559476209732427e-02 -5.468773448876002030e-02 -3.291689042776377912e-03
3.735725508804339789e-02 -9.031807683066467307e-02 -4.532554285586747056e-02
6.576543143605768915e-02 -1.015828328807722863e-01 -5.809982206484782391e-02
2.454623757306300877e-02 -6.991812524559913589e-02 -2.213479580612589051e-02
4.483481980748501433e-02 -1.463522876636557703e-02 4.230835233198956824e-02
-3.175712514956636600e-03 1.129565180145600430e-02 7.107941094407413396e-02
-5.271594869572545500e-02 -3.361666093580498865e-02 1.546750350489016664e-02
-4.056610337740593902e-02 -5.362798575982562904e-02 -1.120528703279885518e-02
-4.386770581611332265e-02 -9.052853445939218480e-02 -6.436793357282741268e-02
-3.334333250867903276e-02 -7.641464579144331692e-02 -3.486854046885691505e-02
6.894271499393114094e-03 -1.012166948815177020e-01 -8.179252474068399170e-02
8.106838926810258639e-03 -8.275442873914293229e-02 -3.825972441696433302e-02
6.306611080680335837e-03 -6.311160329113160890e-03 -7.951237918216310166e-03
1.370985263956883346e-02 3.578076222524241568e-02 2.595799670331458073e-02
5.860376128661645180e-03 5.521932937994745300e-02 1.318855599883041012e-02
1.084551016756751590e-03 5.855725163742610262e-02 8.847360840594122380e-03
-2.449390022366346176e-02 2.684792994610974218e-02 -1.832172270297562078e-02
-4.739149095005846385e-02 1.778992864150796827e-02 -3.526840041653062779e-02
-4.678822488323685497e-02 8.667605769938545313e-03 -4.638535407124314003e-02
-4.944698098832304295e-02 1.590974377338264314e-02 -5.388518248058203619e-02
-7.205590859056840158e-02 3.477967142486526608e-02 -5.724643837433508048e-02
-7.632276018088048064e-02 2.110661965930672734e-02 -1.004662093325571492e-01
-5.032519977483065898e-02 2.983790473589193956e-03 -7.228710561302641169e-02
-1.367566590753028707e-02 3.600514197712488540e-02 -2.631675908242522496e-02
-2.120257427996784239e-02 4.672332706709969585e-03 -3.990024431105134578e-02
-2.371915969247751638e-02 6.276327831335971365e-03 -4.181635081316771585e-02
-3.121427438984435490e-02 -1.084767244273853425e-02 -7.373300930290800637e-02
-3.276239716600291146e-02 -7.974224740992803817e-03 -6.774547921579007759e-02
-2.862421627466388285e-02 -1.121376872373761220e-03 -5.004763885081876112e-02
-4.303318259785263167e-02 1.562153225341626241e-02 -5.309800878789015105e-02
-3.607716402091573626e-02 2.079769918412820856e-02 -3.221476600588760869e-02
-2.422250478877454802e-02 2.981144459269390035e-02 -7.164148006137409548e-03
-2.347858288677762834e-02 5.714841246427763977e-02 4.712368530514590356e-03
-7.966231143211577326e-02 7.975498490274543495e-02 -2.707107540545631436e-02
-9.854372394616230102e-02 6.870465921517451835e-02 -4.196038865307060578e-02

PC4 atom displacements (eigenvalue=5.276067040522438) total=70.2559418044276:
-1.091297368812664710e-02 -5.315733121501506342e-02 7.560778055743776205e-02
-7.496051960360880333e-03 -5.552759463188824268e-02 7.511461288726671570e-02
-1.117918205492973716e-02 -5.352008597051519101e-02 4.360505152940071655e-02
-3.444332361897248923e-02 -3.412486642744447934e-02 4.925721230129635753e-02
-3.837035936897405936e-02 -2.910934793520019229e-02 5.550425028086390655e-02
-2.864072555669250689e-02 -4.320346552177143501e-02 3.142968608360249827e-02
-4.227229491699061731e-02 -2.943081187948523580e-02 5.723789789285865792e-03
-6.095437226160343308e-02 1.793419576639151448e-03 2.105179836814127445e-02
-4.748438804554787340e-02 -1.170119597676322516e-02 2.398614526736080055e-02
-4.803722163298233816e-02 -1.565253367050540440e-02 2.086716845472622733e-02
-3.757505164643623607e-02 -1.144664896359694033e-02 -7.546293085332442425e-03
-4.234757088441123973e-02 -7.198436239565787244e-03 -1.187612639337114195e-02
-9.469635207690035861e-03 -8.873409726391801380e-03 -1.001981686977478948e-02
-7.943217960033032918e-03 3.572271473850591184e-02 -7.674933371593879901e-03
-7.759131249102259494e-03 5.684104275330605083e-02 -1.647056462680512867e-02
-4.767092104245686246e-02 7.770175892754024871e-02 -5.000742524035125050e-03
-2.935023058490538600e-02 8.498126763125156413e-02 -3.411824773793095678e-02
-1.620937977979656705e-02 4.945153530142707560e-02 -9.504398790748745662e-02
7.737929124800160818e-02 8.139442319935610848e-02 -1.051696576666021343e-01
-4.017209777604129756e-02 3.894656416469476773e-02 -1.343417938119885191e-01
-5.889153140926849800e-02 -1.150805607999595519e-02 -2.956288263667795208e-02
2.354443920726725925e-02 -5.539565218590619114e-04 2.640300361415250444e-02
5.196980155373918248e-02 3.042761743523093951e-03 6.020062249577733983e-03
6.272077912346731010e-02 1.994936591290712158e-02 1.550940424197789005e-02
5.332278904241562201e-02 2.697726618443635482e-02 -9.012325188916066668e-03
4.478438044582001148e-02 2.730223514040341914e-02 -2.040884271429499811e-02
2.328186944435925443e-02 3.431563898809079916e-02 -1.019560843770729239e-02
3.907657282263412440e-02 2.935084521105199053e-03 -8.244945267366516131e-03
7.019933090237340245e-02 4.471255976405547929e-03 -7.758484108461979369e-03
6.857329929013594727e-02 1.424131396517781291e-02 1.446832077975837919e-02
5.053057049676381446e-02 -7.374942358930046925e-03 1.902725281828667597e-02
4.165134304919518304e-02 -3.722934801354609718e-02 6.269302833772301409e-02
5.283027718141099574e-03 -5.691311931815640213e-02 2.328051042474567345e-02
-3.437990071696106487e-02 -4.302964926170652071e-02 -1.343487814030165824e-02
-4.647807721114433077e-02 -5.009381909211756134e-02 -2.276145641944193540e-02
-7.548891206088766126e-02 -5.127241561956115412e-02 1.037485099428203314e-02
-6.450715746237928316e-02 -4.224678306612602435e-02 2.385373559679434749e-02
-4.678501176243307635e-02 -3.085015231539105229e-02 3.343557575505772417e-03
-1.109559944046224940e-02 -4.763087030348583245e-02 1.939216677450962892e-02
-5.514879451336628970e-03 -6.288910498641918367e-02 -1.202925124944314965e-02
-1.094051957559425900e-02 -5.547267533883116358e-02 -2.916924185090484858e-02
-3.297690727908157010e-02 -6.161819368962368620e-02 -3.775458538973731903e-02
-4.249096225173103897e-02 -6.082766001856078353e-02 -1.155253901346177392e-02
-3.527542947238990895e-02 -6.358722720780635163e-02 -2.491778973574854811e-02
-3.846027588540013031e-02 -5.894135813959913706e-02 -3.190905100923560611e-02
-2.891082541693497376e-02 -4.298504648605874778e-02 -2.460881412879241392e-02
5.990151839928683358e-02 -4.808485618651774790e-02 -1.308793642357120868e-01
1.060976082824817424e-01 -3.681931202700518962e-02 -8.376387859908754341e-03
1.637960361886259264e-01 -1.173728163473896670e-02 1.312330631353880728e-01
8.098464290923866604e-02 9.015132439212752979e-02 1.161928698729102205e-01
1.823803062964769392e-02 9.234940190096162238e-02 -3.900449704863143824e-02
-3.254150619380893200e-02 8.068942724560488819e-03 -7.380856811437007392e-02
-1.463072836220081496e-01 5.165039002505980581e-02 -9.290241760355795464e-02
-2.978809782864147784e-02 3.003261729128756108e-02 -3.281939512620801053e-02
-2.392005546380916378e-02 3.869342157198950305e-02 -2.257770537319640780e-02
-1.317768031779997101e-02 5.327163146436198621e-02 -9.649231372257233152e-03
1.997605803630589372e-02 7.820830790434322999e-02 -5.289608814460345851e-03
3.513136515930614240e-02 1.161888831792357718e-01 1.672429797891626701e-03
4.523917773676509185e-02 1.043557329087915347e-01 3.205407002173558950e-02
7.044698905542266798e-02 1.309309213333025579e-01 4.949784210929858430e-02
4.127088440542949627e-02 9.271947188029454334e-02 6.080135148058914141e-02
3.396099386079235068e-03 6.383434382226146897e-02 2.218613427770052896e-02
-3.295303219536296901e-02 2.795337380836284899e-02 3.798988979643366098e-02
-5.357000981366859954e-02 -1.479880421849073292e-02 2.487946648211464273e-02
-6.117463250924146806e-02 -2.697308982684321760e-02 -3.484754002760289456e-03
-8.742448638746561085e-02 -7.381860138125513615e-02 -4.257597698735690606e-02
-1.064593796064009501e-01 -6.471285817839222965e-02 -1.075543019271646694e-01
-9.050973868853276483e-02 -4.830099592792778951e-02 -9.929519158451990957e-02
9.222738594035197190e-03 -8.496004007504460998e-02 1.808407334603672617e-02
5.251030699858785789e-02 -3.671340694485290823e-02 7.176713135038209623e-02
7.814539239654155756e-02 -3.196359188689561204e-02 1.182141781967319533e-01
9.694126049062314066e-02 -2.407796795846621832e-02 1.728960827901894481e-01
1.024703372301156989e-01 4.482384302742101201e-02 1.639856285467931607e-01
9.540672146815529220e-02 2.616353862734902350e-02 1.446956141143468100e-01
8.402370902968150923e-02 2.999427725421168617e-02 6.389254804869461124e-02
9.088497639899804914e-02 4.539351973133071844e-02 5.839178373369222075e-02
5.600656712016659905e-02 1.640934463107064558e-03 3.097889712965681830e-02
3.404103557435792654e-02 -3.211399114307601083e-02 1.660459638857431433e-02
-1.375499519260862079e-02 -8.018404054893693567e-02 -7.106858751401103069e-02
-6.948084298508208634e-02 -4.326487329091042305e-02 -9.767708723708823718e-03
-7.790853020134558271e-02 -4.743938591006986727e-02 -2.297706817618064626e-02
-5.127790528411278748e-02 -5.115689299894727454e-02 -3.042066226080601329e-02
-3.651410754074825571e-02 -1.892025441727264098e-02 -4.163568334201351792e-03
-1.498422180514140216e-02 4.118938777526691408e-02 -3.424501720632951163e-02
1.120449290391053836e-02 8.327993447213813405e-02 -1.909883309365408705e-02
3.311360438023459689e-04 7.364352416437275339e-02 -1.981032864998881482e-02
1.020936667021191298e-02 8.833602858054628859e-02 -2.471535180864734699e-02
8.428466172756178196e-03 5.084879954979987238e-02 -2.981275748326664768e-03
-1.321158612667085522e-02 4.517857757506169893e-03 -1.143962210249690852e-02
5.885692030260584323e-02 -5.394036877186557388e-02 1.786117606822380105e-02
5.911622693166006248e-02 -1.010418441943036760e-01 7.458518996295086800e-02
7.209825315046627936e-02 -1.280780224465244976e-01 3.149732412653623997e-02
1.203335560220326200e-01 -9.818959098922752649e-02 5.346440412291306871e-02
4.614306142140260636e-02 -6.776306040803216357e-02 2.496070761162889201e-02
1.854371979664275888e-02 -4.825506323168516493e-02 4.946344577837054335e-03
-2.248749756551662177e-02 -5.392985562161534130e-02 3.505724833866324247e-02
-5.261425698659837058e-02 -2.426044751000532018e-02 -2.520105860080784285e-03
-5.312280694044971968e-02 1.075838932778487068e-04 -2.283750596816657916e-02
-5.214919892382217925e-02 3.933164536742603246e-02 -6.050980098819005309e-02
-5.184294132895878732e-02 5.482842213531701619e-02 -7.700212410438654620e-02
-4.343998625147500042e-02 6.530157077329683257e-02 -9.920952312721327548e-02
-2.196204624742355629e-02 9.122128876301566214e-02 -1.050493905084963625e-01
-2.049390257500904172e-03 1.079488524652564979e-01 -1.074937435865550572e-01
-6.603780033837771193e-03 1.024212486332325978e-01 -9.079297427426429035e-02

PC5 atom displacements (eigenvalue=3.258228527006454) total=70.2559418044276:
-3.127255546445088102e-02 -1.098849198910089621e-02 -2.502923424254747259e-02
-2.714647958808951225e-02 1.498179835428587771e-02 -5.462852144751982608e-02
-3.051512586356746465e-02 1.482800753521694437e-02 -4.310974274725091343e-02
-1.936799937644620093e-02 5.301558869251235713e-03 -4.546078983990717304e-02
-1.224625360352605934e-02 -1.941104377315432832e-04 -4.861820685960997063e-02
-1.625971081775199126e-02 -6.234141966694278780e-03 -4.620410937927620781e-02
-2.913705574393127967e-02 -1.730453376570050689e-02 -2.530307485963239483e-02
-7.033604908746013060e-03 -3.400968194238672415e-02 -3.388222243493935887e-02
-1.287093128977631618e-02 -2.757842527816613612e-02 -3.827718696576908053e-02
-1.443459034640954923e-02 -6.559505651379566801e-03 -8.692009669572210717e-03
7.949449931616121845e-03 -6.719766129536672468e-03 -1.839458799040367271e-02
7.727335142093387510e-02 -2.014285336179480294e-03 1.269048123029647979e-02
9.473229687433014357e-02 -7.356351710835538557e-03 1.542403802186287885e-02
1.531475108055582457e-01 -2.667077022627471414e-02 1.280552210916022227e-01
1.295594489597932664e-01 6.987886663360047546e-02 1.634571821831889704e-01
1.903673600886095565e-02 1.492151830712013794e-01 2.068535593756688218e-01
-2.474894541880127627e-02 1.120344918457999994e-01 1.053020729765767882e-01
-1.060994463224943923e-01 5.464122641177317045e-03 -4.674539086290395440e-02
-1.429290905290456909e-03 4.672269700319206520e-02 -6.400083138103203340e-02
-4.183333554444444713e-02 -2.622661025844737030e-03 -9.288492124806074779e-02
-5.557408366440371589e-02 -2.149096835644886266e-02 -3.128228861309433756e-02
-2.855216620355347998e-02 -2.926095193549198975e-02 -1.467941498233721678e-02
-3.032201711413453835e-02 -2.124050770767335616e-02 -2.814277096540106909e-02
-4.439590226932003947e-02 -2.178308546083862832e-02 -1.969844637474187435e-02
-3.731526775774040433e-02 -3.404532812546743475e-02 -1.682431601754064490e-02
-4.248718251835892357e-02 -5.142156171814366017e-02 -1.132411011695640644e-02
-3.166366513978013247e-02 -5.200395994485112333e-02 -1.536427866279451403e-02
-2.243075978813854551e-02 -6.728403928919751698e-02 -2.309609346417056813e-02
-2.824785377170713901e-02 -4.828089577537602456e-02 1.219505461221096279e-02
-2.998730562211308209e-02 -4.537940446307339032e-02 1.618790692645779000e-03
-3.209913916217730506e-02 -3.437879997942717286e-02 2.039453807300104470e-03
-3.600618081971917323e-02 -9.162230051506289191e-03 1.395923283416255350e-02
-2.111072756701589531e-02 -8.831943756153167943e-03 1.025958811541633105e-02
-2.145389513152870173e-02 -1.153770009199008885e-02 -1.034973909560616204e-02
-3.668359849254036395e-03 4.680794922883767945e-03 1.110088419327926595e-02
-9.529964871909159599e-03 -1.630755630915977153e-02 7.238397257529197160e-02
-1.605763456121881566e-02 -1.725452581900924903e-02 6.937661520374129032e-02
3.796036176644021053e-03 -1.767546664271420556e-02 7.478486199204645302e-02
-3.916274544815308289e-02 -1.378097083018542390e-02 4.778814318106809622e-02
-3.777629930237027395e-02 -1.816358213940082178e-02 -3.718269461030934697e-02
-6.446128276379646527e-02 -1.938410602355044319e-03 -1.103295100384136113e-01
-1.532080560992561125e-01 1.011984132864023576e-02 -1.227359167096020304e-01
-1.812462826633639279e-01 -2.741716857508140481e-02 -4.956542712671676426e-02
-1.337890865982242772e-01 -3.066428198761762466e-02 -4.788912764844634878e-02
-1.624537804357528703e-01 2.318273534638391319e-03 -1.089574393284894749e-01
-1.943221218871053202e-01 5.549400984510288737e-03 -9.485889352179487088e-02
-6.460077425838471610e-02 -1.963912788587969527e-02 -2.180827039920320010e-01
6.438886511636512239e-03 2.100349026491553014e-02 -6.808347786457139006e-02
2.046335242520786260e-02 2.579832644498459074e-02 -9.174567132940647865e-03
1.003731407752858490e-01 4.982651795647782822e-02 9.332603087135175890e-03
1.886250563062678853e-01 5.736233721433418864e-02 -1.601180099651283543e-03
2.003385735693089809e-01 4.576498277863236264e-02 1.544982403903765455e-01
2.007074696476139897e-01 4.230705356342280565e-02 8.498565056596316114e-02
4.718860159777635982e-02 4.519616936250050315e-02 -5.847629697505432773e-03
5.366686608353572752e-02 9.069747873254123405e-02 -4.743605444456145542e-02
4.651902675720971658e-02 1.654637474891814926e-03 -7.049072787066329449e-02
-1.970599072807684756e-03 -2.981216477336096418e-02 -3.901956379550730603e-02
-8.637084037400716806e-04 -4.651173647465690203e-02 -1.811074074191356201e-02
2.923221594518821131e-02 -4.960077524555512457e-02 -8.778322263015894678e-05
1.816403274903845289e-02 -3.352712672980009273e-02 3.211496013359142754e-02
1.021430664703846386e-01 -2.182606480474238997e-02 5.461817440481468028e-02
7.620201715319618874e-02 -1.792150173373132857e-02 3.737774072203774861e-02
5.917471124509159075e-02 -2.060666742803174759e-02 4.519589388185469431e-02
3.251713026694887099e-02 1.454156909816868570e-02 4.110365482205485810e-02
2.220351348809399689e-02 2.246699130611598538e-02 6.577680391389433001e-02
-2.809829928902274343e-02 -2.461685234082041859e-02 2.223174359678787779e-02
-6.294546128272876517e-02 -1.319747102782290425e-02 -4.819295919579719145e-02
-3.997241706031747638e-02 -5.047117131914987016e-03 -5.153416771111100914e-02
-2.730450337581302386e-02 -1.077192308755017987e-02 1.286069937613540035e-02
-1.588159767495764263e-02 8.727174532393071338e-03 3.570083878530855986e-02
-7.384328480822657846e-04 2.295690875280615925e-02 7.738355833541954443e-02
-5.864642651140430235e-02 2.844777648264359624e-02 8.390721601889510051e-02
-4.803444497882058961e-02 3.427204627532191850e-02 7.418820099838090154e-02
-5.488876673868699207e-02 -9.718876468263712085e-03 5.874009729839479305e-02
-2.452894549356546966e-02 -2.708581498360767420e-02 2.524142100448627593e-02
9.075632957805925211e-04 6.970889303957355024e-03 3.255254103285155215e-02
8.955642436881388474e-03 8.168591179582801107e-03 2.800593437553742723e-02
3.350794968285366465e-02 4.060537607294293500e-02 3.150574019487954042e-02
2.950962580826652429e-02 -4.683186039282330633e-04 -2.984983605958639943e-02
-1.243421739913859632e-02 4.676713049003857620e-02 3.721464369226681196e-02
-1.227588717741729361e-02 4.861507812077967006e-02 5.024885687883468011e-02
2.777631180133281752e-02 1.840214473457695531e-03 2.679067457790054729e-02
4.421595590408985282e-02 -4.705485135546696833e-03 2.785175096731737007e-02
5.123666259712147258e-02 -1.448762616867079953e-02 3.599217503838064713e-02
4.722719907344595514e-02 -2.427396482688529145e-02 3.458096382446496087e-02
3.178278338399499053e-02 -4.926795668745630186e-02 -2.450173996240155409e-03
1.758692424093948048e-02 -4.803344324426257056e-02 -2.329121686656046228e-02
2.058952130887337084e-02 -2.499233767273309828e-02 -4.309185084653708447e-02
2.852632397010803483e-02 1.488877794229527714e-02 -5.868643400313041519e-02
-4.469290483937750878e-03 5.311097670525588565e-02 -4.356641700571938641e-02
-3.051500371041667835e-03 7.894612441805401448e-02 -6.771775338222790763e-02
-1.762801317039780751e-03 8.024251424019394896e-02 -4.831633821234056908e-02
4.658539304261881397e-02 1.123082590730548752e-01 3.976632293438019106e-02
-3.245076812487943801e-02 4.904910744127313760e-02 -1.903095101239869053e-02
-9.089389665569063206e-03 1.406379786986604492e-02 -4.106160694448758586e-02
3.241552202922513837e-02 2.578491989254649841e-02 -5.716867083443154252e-02
5.098749233049532092e-02 1.455409800710366673e-03 -5.908923107349479259e-02
5.174375329445261157e-02 -2.435593251500266232e-02 -4.001263294847918345e-02
4.008803576503056770e-02 -3.364469378968622248e-02 -1.954856243878372660e-02
4.909233413693111364e-02 -3.553666769528997932e-02 1.643858726887771973e-02
5.467821022730678243e-02 -3.205617834049004355e-02 4.894329306205822544e-02
4.099112297729968352e-02 -4.134399255329570394e-02 5.916049392923350414e-02
-2.805194385566082624e-02 -6.259291175310137401e-02 5.422507494615794177e-02
-3.407957506135016884e-02 -6.173685908174973702e-02 7.823087636888408081e-02

PC6 atom displacements (eigenvalue=2.733420280717577) total=70.2559418044276:
-3.760418902022059084e-01 -2.061277810875051797e-01 3.996923232009509386e-01
-1.862027037353541081e-01 -9.447828481037745529e-02 -1.678338017862450807e-02
-5.578251832478274552e-02 -3.143582232848866204e-02 -2.430665359926724445e-02
1.000198710279205823e-02 -4.519302322627325591e-02 -4.415989780973142431e-02
-4.254887509325602779e-02 -3.148384788283279095e-03 -4.102011675029230454e-03
-3.392898108006639490e-02 2.329988426327290335e-02 -4.498356657057332383e-03
-1.087247302189564384e-02 2.409385463319594495e-02 -5.647840448283495719e-03
-2.325217707428297448e-02 3.334625722198969466e-02 -1.040124836893921911e-03
-2.966136281375903253e-02 3.704434045896341787e-02 3.896823688551514196e-03
-2.407591068032851472e-02 3.384024367631803532e-02 -7.377660037730212478e-03
-2.041012851250271695e-02 3.467001214906249851e-02 -1.460543672703001027e-02
-1.757945913520988709e-02 4.955791001444427579e-02 -2.128166016915736258e-02
-4.329553230257583013e-02 6.449300598206997304e-02 -5.567669313651461144e-02
-3.151295954623788836e-02 2.311555831348085024e-02 -2.294863811724927316e-02
-2.805621496964583531e-02 -2.139056391030241117e-02 2.339159256358264421e-03
-1.171561906066545186e-02 3.132911732458625031e-02 5.503275200276702694e-02
-4.648672749098136520e-02 1.611315467369522567e-02 8.697698231203908337e-02
-1.130311534155503672e-01 -2.934255643565990279e-02 5.292309306035685584e-02
-3.533650215177370352e-02 -2.610982804163390278e-02 8.493677941570930423e-02
6.671398599577238464e-02 -3.135355778141236949e-02 8.963817466933952927e-02
5.971839208002949900e-02 2.337432623077042790e-02 4.564627292520229834e-02
5.379581336559072745e-03 -1.526611014756125342e-03 5.418884278663858162e-03
-1.808367473941988046e-02 5.574764140245697282e-03 4.391516564274737001e-03
-5.626247049996721192e-03 -1.506896642845747918e-02 -2.390776950403314741e-02
-6.989085655785725985e-03 -4.174495643293012030e-03 -2.773476091216951073e-03
6.003356187778441724e-03 3.127275834785585990e-02 -8.766013463584885340e-03
-1.347750976823264800e-02 3.351322979174259364e-02 1.296478075476575724e-03
-1.389389814857015966e-02 3.662226819159861146e-02 3.174217810649062211e-03
2.841808518429357958e-03 2.233907117810435966e-02 -3.140960975498856278e-02
1.252201023960503555e-02 -3.437904267154941271e-03 -1.429336780246192977e-02
-1.468894609132142615e-03 1.796507985368554425e-02 -1.059241406087931166e-02
-4.149207463947364276e-03 3.569046674279477416e-02 2.947556095828453727e-03
-1.435486132028824429e-03 3.742733474575311164e-02 1.008142586089513446e-02
2.703263131688031593e-03 3.778387273635191307e-02 2.757706067293556884e-02
-8.508450354115614303e-03 3.469998630193834449e-02 2.878241018554959091e-02
-9.388280763924465935e-03 3.888438399861268713e-02 1.720158256287418128e-02
-2.618029617624529140e-02 2.424665661568723221e-02 -5.272479187462856057e-03
-3.805026967631777030e-02 2.497611198753348777e-02 -9.268080874899485913e-03
6.748324460110081968e-03 -1.347713801532842565e-02 -1.464726751541479098e-02
1.897860306312737846e-02 -4.644661720258325827e-02 -1.655638819988450652e-02
1.281727521763820210e-02 -3.325552245155976444e-02 -4.384820898728165189e-02
-8.583708540112097414e-04 -7.814053457141475340e-03 -2.929358384893649206e-02
5.764562576907094130e-03 -3.178796531957352872e-02 -5.071702928087533369e-02
2.596580731791665181e-02 -3.464134054920794265e-02 -5.429600099652599765e-02
3.618031147289826888e-02 -1.042693769900618003e-02 -4.247710659818527967e-02
2.278253563793918718e-02 -9.497607720627300812e-03 -3.713815373497504624e-02
4.768703817047003843e-03 -1.705065531504226448e-02 1.196168003625619177e-03
6.014723376453420985e-03 -3.581705179114193119e-04 -3.808440188216001554e-02
-8.630715341830012821e-03 1.422331627751818352e-02 -2.352760157819969514e-02
1.729768399108338184e-01 2.510809157000471262e-02 -4.061173917487509444e-02
1.163979331600873274e-01 9.947990757547419197e-03 -3.387250793883257033e-02
1.025076947796939864e-01 -6.228625487753026990e-02 -2.522638736901541140e-02
5.664148543461535675e-06 -4.399151140963899337e-02 -6.295613430189352100e-02
-2.908414616811893019e-02 -6.123837044221391163e-02 -6.628293316145834890e-02
-3.225966309524128106e-02 6.221340723300945730e-02 -8.005288896815108968e-02
-1.840382839492562053e-02 2.193034010345944196e-02 -5.689586424879813920e-02
3.844494997161116215e-03 3.976650821628475302e-02 6.421253449070046804e-03
1.294349841884130138e-02 3.940572551296747661e-02 2.926756173686635015e-02
-1.823056209794124763e-02 3.934633253165635558e-02 2.911551194460731268e-02
-3.603571398684184829e-02 2.792931986905253239e-02 2.599302253656207012e-02
-8.043077002690919575e-02 3.516998667241442566e-03 2.488439610406926322e-02
-8.142378834321435666e-02 -9.272820840903070461e-03 1.932818469808611841e-02
-7.773885218389774143e-02 8.692363281037420591e-03 1.782103276296535116e-02
-6.102745234337075830e-02 1.067197276721978212e-03 2.160611832556955450e-02
-4.074659004737668511e-02 8.875544685978847478e-03 3.631148738732100506e-02
-3.785635471043916848e-03 2.658160999157388113e-02 5.521039184538223399e-02
3.396724158053774506e-02 1.681590149060915168e-02 1.084689230648915592e-01
5.670027405090188877e-02 1.843897455677266303e-02 1.035761873100850272e-01
-1.751182200355405822e-04 3.758487557606028651e-02 4.803786180444764159e-02
-1.264864857301359162e-02 -5.951911109622043915e-04 1.513413115534201258e-03
-1.958629135940385610e-02 -1.426293176936769234e-02 -2.498939530139111104e-02
-2.600938577777358630e-03 -2.259858417076750572e-02 -5.904561046742797664e-02
1.938052112371842217e-02 -7.796439130130600192e-02 -7.799761102904226306e-02
1.411122562203144179e-02 -4.896041008005442424e-02 -9.422253734852120699e-02
1.191454126899676828e-02 -4.474493728906655393e-02 -3.181293726423925494e-02
1.039662039532290860e-02 -6.909998861730271003e-02 1.509788115836660114e-03
8.428769925996287479e-03 -3.437036679060020972e-02 3.900421646634035650e-02
2.071407453284671019e-02 -3.676137249595272296e-04 7.430130534142823096e-02
2.260832327218610660e-02 1.468756681982067921e-02 1.000655357100881104e-01
1.989409576868728102e-02 -2.545286288210180450e-02 7.726375578770604269e-02
-2.333582188693272830e-02 -3.505836666226715137e-02 3.672943079975517222e-02
-2.808538395093924597e-02 -7.877861614090118925e-02 1.724356811064297820e-02
-5.594736671268053102e-02 -6.015566825588245653e-02 2.049554987941009168e-02
-3.468912665758745739e-02 -3.227152057282434844e-02 9.323950905987365978e-03
-1.817903990153317897e-02 -8.586777567510490289e-03 1.913759846904878117e-02
7.039147585847364483e-03 1.479249190111993351e-02 2.819300764751657418e-02
4.282488994090139639e-02 5.842673087054432723e-02 1.979634966056489920e-02
4.935433861295387969e-02 2.423348696353338008e-02 -3.507686955190656916e-03
1.778384465331672368e-02 -8.763569276866002913e-03 -3.413373569469836666e-02
9.757211520467568358e-03 -8.605030625148018045e-03 -5.718331998696463137e-02
6.876890208710149076e-03 -1.059528409230579447e-03 -8.185168968079958862e-02
4.603162653625487120e-03 -7.384262026647540021e-03 -1.089187729793583692e-01
3.714358813532098874e-02 8.172379813130398532e-03 -2.928642241735152432e-02
1.435944026069682113e-02 -8.966427005644327791e-03 -5.037050459559205828e-02
3.031940121691314993e-02 -2.328245878938728017e-02 -4.486498087313768590e-02
5.044877991522893346e-02 -2.238212293510933454e-02 -6.300871486606908489e-02
2.875752833924883484e-02 2.108138232738076406e-02 -1.235766014826015016e-02
3.345267437960248308e-02 3.188946225601798495e-02 6.072148771517620058e-03
3.775961605763035467e-02 3.287019887348574532e-02 2.031002287525624905e-03
4.107451924769003199e-02 2.073286697519382063e-02 1.928648527193017881e-02
2.651778902660514164e-02 4.715547793093828946e-03 1.839341216407285387e-02
5.819927858914120816e-02 1.836476491799583126e-03 -1.665076873151659712e-02
2.411251228674353431e-01 3.906693333882982344e-02 2.183976762275131704e-04
2.908519670602087714e-01 7.882064126976345841e-02 -1.043724832210310427e-01

PC7 atom displacements (eigenvalue=1.9413074888273687) total=70.2559418044276:
1.614385173090018000e-01 1.278225329671758836e-01 -1.144648529761943187e-02
6.875123983296183017e-02 1.399061159874059046e-01 2.404648070665457108e-03
-1.003916854305154059e-02 1.051658578637111457e-01 -1.360405180872325745e-02
-3.306303207213949491e-02 1.342424771775408143e-01 -9.104308958287224071e-03
2.545557286342238490e-02 1.000155145959754771e-01 -1.308606488474971241e-02
7.714860953072701956e-03 5.675192465662318164e-02 -7.129461506239692659e-03
-2.788058295549581539e-02 5.222606159422904515e-02 5.873372387077966435e-04
8.366600279202314125e-03 4.593739256252058617e-02 -4.183585950149123524e-03
2.520034616368188596e-02 2.814712654655211060e-02 5.847031519787852447e-04
5.026665016896454327e-03 2.583119678850558446e-02 2.684087161370436736e-02
-8.876366498288341261e-03 2.716358554887284352e-02 2.661270462404180179e-02
-1.573485336609199182e-03 1.929306300458772218e-03 4.154279597153792691e-02
-3.139049083521874839e-02 -1.143078308543160788e-02 7.824661864989052029e-02
-4.087759926478112121e-02 -5.660639442060071136e-02 5.408940720557917081e-02
-2.900763445729573342e-02 -1.056640793113771265e-01 6.224763520044761939e-02
1.749906332778739665e-02 -1.197175639123303353e-01 4.178595303769492425e-02
4.582292593370297651e-02 -9.631879070652923924e-02 6.929237594740390860e-02
9.719355690889604216e-02 -3.477667779451065061e-02 1.369208150819245795e-01
9.366459035896718913e-04 -1.654090536682023549e-02 6.740032763817882522e-02
-2.883912335833439117e-02 -4.592148172815355145e-02 3.954205374156317260e-02
7.132165240772837637e-04 -1.036904228352102109e-01 4.971408563363099303e-02
-1.228701083109677052e-02 -2.902908583263098460e-02 3.740411342720428856e-02
-1.316168254776186111e-02 -1.751557368776073334e-02 1.848634502689044945e-02
-1.549690019891395917e-02 -2.593146424977984393e-02 1.262396710275131943e-02
-1.612622180768691349e-02 -1.901497270200999332e-02 2.442428420936135561e-02
-5.865259412072028680e-03 7.471353239993562372e-03 1.953679479074621819e-02
-2.082922554623661826e-02 9.338617377706753472e-03 2.330592904796786186e-02
-1.287290141550934651e-02 -8.494504465998062998e-03 1.830488818580472757e-02
-2.050362426030058818e-02 -5.071468837359233151e-03 3.156446312760192302e-02
-2.009043586877008736e-02 -1.589035046199914827e-02 1.639627116447472596e-02
-1.626821840281658313e-02 -6.758062014910999095e-03 1.505242974919867791e-02
-1.551158184792306161e-02 4.803583608609033988e-03 3.714716836243519595e-03
7.435358744387976591e-04 1.222046231130769281e-02 2.004633433793209102e-02
1.476456686337210278e-02 5.270339110997176481e-03 1.881646651735032622e-02
-4.307303318866618179e-03 -3.798396674881167768e-03 1.690784490584552532e-02
-1.318253506822042367e-03 -1.082819205910495568e-02 3.133086409814480472e-02
-1.175236313613960484e-02 1.630955425259642726e-03 5.385712018790851652e-02
-3.770258400594721920e-02 -1.527059013792935772e-02 8.187162060500217942e-02
-6.691060590686705167e-02 1.280598312482991719e-02 8.776069903315442122e-02
-8.652624101142238067e-02 5.686686306972692923e-02 -1.185147207781212311e-02
-1.154969671628485878e-01 3.840216118178089999e-02 -4.103263020931378208e-02
-1.352424998879235007e-01 2.197436999416602782e-02 -5.705976704411629130e-02
-1.250622687092042551e-01 -3.196926022893596675e-02 -8.633849539208764134e-02
-8.683298097565569917e-02 -2.802082182970238103e-02 -4.745777815660623400e-02
-7.159068714879986139e-02 -1.467943199174745646e-02 -2.452590689432343832e-02
-6.115911079148306229e-02 -4.492586300032743590e-02 -5.201772806456198689e-02
-2.878529609926656907e-02 -5.827619605859142571e-02 -6.218090193326804294e-02
-2.386526432015076762e-02 -4.513304616441716349e-02 -5.087958105764178035e-02
-6.042011484687312417e-02 -4.018298980985373497e-02 -8.607839538673046909e-02
-1.034320291173738363e-03 -6.505000676177057073e-02 -7.401523219991296143e-02
-6.861546884621128051e-02 -6.553306286996905816e-02 -5.592014511317765224e-02
-9.538848333044298855e-02 -8.962402249255800590e-02 -1.078840845648407487e-01
-9.812322860790295698e-02 -8.520336050895269131e-02 -5.386699184730151663e-02
-1.960353004324113385e-02 -6.878891859516042540e-02 1.393745971802021200e-02
-1.919139540864409077e-02 -8.859916566762783552e-02 1.040002946337312967e-02
-1.394068480777448625e-02 -7.047419916812361351e-02 2.157282063448290321e-02
6.311219446799212068e-04 -6.151527762690867096e-02 -2.667783772137865411e-02
3.465044848991774562e-02 1.720556618010621666e-02 -2.127156508499184959e-02
1.263212354039940366e-01 5.653179894923258259e-03 3.085220808591149569e-02
2.289844479702180524e-01 9.058875505438587772e-02 4.962999433447183584e-02
2.319000846518845804e-01 5.720869847388906221e-02 6.989352173489155051e-02
1.588053057298847714e-01 6.017752487584161758e-02 2.383901843079586080e-02
9.180537340655227363e-02 1.282189585852511540e-02 5.498170131670149924e-02
4.994994308241249015e-02 -1.153124506932158566e-02 3.901929935172379627e-02
-1.092417812644954841e-02 -3.878823956313783711e-02 -2.021439356213169730e-04
1.008872314990051818e-02 5.832137151756825247e-03 3.525830194605897999e-02
9.902872623309315683e-03 7.218245319966662410e-03 3.354249194243918292e-02
3.385046859953207143e-02 2.595052291138989775e-02 4.788321191447093839e-02
4.114060038251125470e-03 3.463762332227819651e-02 2.098878555571806817e-02
-1.361773755890685958e-02 1.798808032441341978e-02 4.131481439251134813e-03
-2.024883410601215072e-02 1.883067490715080450e-02 -4.483304717531205914e-03
-4.168238483797286759e-02 1.711469818864421594e-02 -2.464684887635205934e-02
-4.288510168108423254e-02 -5.875845212415251387e-03 -2.009311847746648658e-02
-3.974427970270411059e-02 -1.559606883991541092e-02 -7.874326395289968361e-03
-3.004692496629124757e-02 -2.036198249569140875e-02 5.740342186164634763e-03
-2.576094712977097106e-02 -1.670545770464327423e-02 1.012931299071035372e-02
-1.399325151624312112e-02 -7.351113925413408929e-04 2.026067450537497386e-02
-7.464009686975856157e-04 2.054459188369974973e-02 2.393814707679450121e-02
-1.978596935677385399e-03 2.377100153244799882e-02 2.698954585178790777e-02
2.561013405957139383e-05 -1.367922624479258990e-02 -2.280596690821125316e-03
-7.751050886559667473e-03 -1.771438026496679682e-02 -1.650035095193816415e-02
1.388482377986892564e-02 4.404283291603278139e-03 -1.437721139132988081e-02
4.762484225778088748e-02 1.618412711173427415e-02 4.941921414246536540e-03
5.469666911144842325e-02 4.919490919701653697e-02 -1.181237425380762644e-02
6.122947135029210147e-02 4.952557146465642879e-02 -3.408001658476076095e-03
9.103359144175003420e-04 -1.997034171604245706e-02 -3.329772745706773007e-02
-7.874968467134280461e-03 -3.013206917295903689e-02 -2.942663484823586015e-02
-8.353858371599640412e-03 -1.415419484260102036e-02 -1.286290586157490257e-02
-5.285808005877325882e-03 -3.309168730097426792e-02 1.193300146778039465e-02
-6.278856828769693692e-03 -3.672937021661488305e-02 -6.140158448326139828e-03
-6.446459376185392602e-03 -2.002268921497162360e-02 -2.601568554820187906e-03
-3.235516776525266397e-02 -1.692988205527575646e-02 -6.209299776322585451e-02
-2.027564498981249477e-02 -1.840820360194014155e-02 -4.111550310630775196e-02
-3.255095769665343475e-02 3.118752143755485623e-03 -4.366970753455997473e-02
-1.642104619018401601e-02 -2.579646769093345976e-03 -1.995763557954744957e-02
-2.010007116562083362e-02 8.040873205634867238e-03 3.985720350581455247e-03
-2.105238012457610886e-02 1.597171956781498828e-02 2.112855720112917154e-02
-2.247796302100129803e-02 2.017748170612788591e-02 1.153204972291109291e-02
-1.873131809592096372e-03 -9.330000414373609829e-03 1.957424820687171316e-02
-2.714780337813082600e-03 -1.032579442410389362e-02 1.370469389410813692e-02
8.315884484458522727e-03 4.915578886450604201e-03 -1.066691574463447117e-02
1.076501545228391171e-01 3.730606770493449104e-02 -7.731729605270767913e-02
1.761600519282562338e-01 1.902296728454036523e-01 -1.736184439687978864e-01
1.357416974622525641e-01 1.283707803692431260e-01 -3.229478073194256837e-01

PC8 atom displacements (eigenvalue=1.8560149703762943) total=70.2559418044276:
2.411947234498579840e-01 1.221233785528725024e-01 -1.942935214890156512e-02
1.376482036850955604e-01 1.165091176283780533e-01 2.223293902106256506e-02
4.480397006635684215e-02 7.379243057600236300e-02 1.409243002219268646e-02
-1.627181295014676690e-02 7.692327602715598456e-02 3.463591615560289438e-02
4.518721317346495459e-02 2.891617385289737413e-02 -3.868103858415101060e-03
3.903803154282167731e-02 -9.022125543699546085e-03 -1.156576449096132289e-02
-1.057024246339623164e-02 -1.541352423147073977e-02 -2.096729573892541863e-03
1.346080883978684542e-02 -3.271316965889092820e-02 -1.040430097151672471e-02
2.403764134278530210e-02 -4.029997284547075231e-02 -1.937870810615357001e-02
2.238450765610343340e-02 -5.390590425993963680e-02 -3.277983171925195893e-02
1.450353045101821295e-02 -5.139474041036585367e-02 -3.755907382617391238e-02
6.296977250071035537e-02 -4.873141473289906850e-02 -1.786815270796659680e-02
1.241466707407361258e-01 -5.337805812137075279e-02 -2.704090187128780493e-02
1.867672564347784558e-01 -5.594202973266795137e-02 1.007830470182167065e-01
1.745371864431508879e-01 -4.622644589072213289e-03 1.395523762257702138e-01
1.238971527029445602e-01 5.011834004426406891e-02 1.687744915076015151e-01
3.774671667085785498e-02 -1.180036263982520844e-02 7.403297766249787581e-02
-2.577739782751449840e-02 -4.435094186565149282e-02 1.997462026444790650e-02
-5.061979017302117856e-02 -5.613557959208313741e-02 2.567750885182171205e-02
-1.534329314153867058e-03 -3.059877157365655659e-02 5.035974064111235077e-02
-5.794150564930523883e-03 1.763217676590030786e-02 6.490317344889312209e-03
-2.875950697501076375e-02 7.251251273434985815e-03 -7.713541699967378304e-03
-1.420620726091870352e-02 -1.643828615786528322e-02 2.676920029054448077e-02
-1.337807983281544440e-02 7.766052128941440709e-03 4.526810585196596598e-02
-2.013291955059276842e-02 1.438383710221861032e-02 3.508137259368179078e-02
-1.513230990064594328e-02 -8.453067146273172267e-03 5.674351484345231678e-02
4.146971784836676824e-04 -3.306174061686632804e-02 3.248918044869962551e-02
-2.405934093346435813e-03 -2.825770466404442516e-02 3.975196193109962334e-02
-2.048900227288308340e-02 -1.094236948737723446e-02 7.419554563982849738e-02
-2.160818694231804449e-02 -1.548623951668229824e-02 5.056445114929941642e-02
-8.698941497525022881e-03 -1.885930524719684961e-02 4.815491679648122025e-02
-5.781469064951429669e-03 -1.412419093520756938e-02 4.083068408277815142e-02
-2.333997710212793938e-03 -2.407983569549764988e-02 1.688703874286524506e-02
1.244165974314124156e-03 -2.715005238204503193e-02 8.454650733542885474e-03
1.618496327290682227e-02 -2.915767337742459706e-02 -8.528418592375438048e-03
2.311405837431246973e-02 -1.890096651125801677e-02 -4.176718808931825788e-02
3.452605849290392437e-02 -2.259150384844676659e-02 -4.573692868443589993e-02
4.961442886881894249e-02 -2.918007176072693123e-02 -2.226774062697355755e-02
-9.847635636465797149e-02 -3.452423002397850271e-02 -1.432374422259131141e-01
-1.282368725543749088e-01 3.105209049446955999e-02 -9.399395742212743321e-02
-1.005276508390837709e-01 2.228855254927082641e-02 -2.356559038741417103e-02
-3.534228471573552105e-02 1.173781466163610447e-02 -1.615769341883526236e-02
-7.562633216206840654e-03 2.521016108073313809e-04 -8.822809176690324384e-02
-6.352952530625618349e-03 3.754202856498347392e-03 -6.790932996861658022e-02
2.422311036116559305e-02 3.649757205240023328e-03 -1.203112126324995881e-02
5.857057016419461165e-02 -6.117351950858497013e-03 -3.201496097233508947e-02
2.854963930404389588e-02 -8.298299830562502755e-03 3.114068509617684642e-03
2.875596498086114075e-02 -1.725795124601907371e-02 -7.478456337006274095e-03
7.349994654248881432e-02 -1.401122101470072059e-02 5.631905318757135515e-02
7.444430755271008726e-02 6.233789065091213666e-03 2.164231194875813891e-02
6.064128759642477273e-02 -3.692529221448806291e-03 -6.929577185627356500e-03
4.450364896833912398e-02 -5.708677524952182614e-02 -3.290475075216674639e-03
-4.278925716950081337e-02 -3.988711630072442477e-02 -1.577113416571920487e-02
-1.683409409062924886e-03 -4.826796265310028672e-02 2.039021079158768665e-02
-3.844475402107679161e-03 4.246531879468741326e-03 -5.523936469312924584e-03
-1.380975843240947812e-02 6.768714647379889260e-02 -1.450304048289029722e-02
3.596081592568907415e-02 1.046744548002390834e-01 2.869069705920506558e-02
6.209526689521053036e-03 6.244625835411562326e-02 5.349425298505224545e-03
-1.545108609502093833e-01 7.080758315482779675e-02 -5.067126427911416292e-02
-2.962005412995326048e-01 -3.822916655260463065e-02 -6.775430733027811014e-02
-3.481470882433722602e-01 -2.745160577857735928e-02 -9.564573823226736604e-02
-2.152420878687871519e-01 -4.567618293249865041e-02 -1.545184146814455005e-02
-1.091049571966018206e-01 1.561898675778897530e-02 -6.378122562686350250e-02
-2.592389226981065952e-03 2.461157155084675412e-03 -2.709444746013564900e-02
2.547459460592101446e-02 1.112916704065672509e-02 -1.948345569922781823e-02
2.495733643256990708e-02 -3.741865834139961999e-03 -2.875994122819344398e-02
2.514779179394233469e-02 -6.841134502742211160e-03 8.581489630345781952e-03
2.147405638083534594e-03 -1.552219843347570419e-02 4.589880562426668781e-03
-5.062374749814775934e-03 -9.720569680622839423e-03 1.475779656402902325e-02
-3.142531630383335606e-02 -1.057987753833545402e-02 1.590384708778909417e-02
-5.080331476581537858e-02 7.787133910784129441e-03 -7.721442856851898698e-03
-5.346419996110018252e-02 1.153440819360421199e-02 -1.058084094327598097e-02
-4.427255445930316363e-02 -2.134891220605973292e-02 -1.847917927589145734e-02
-4.072246495463256039e-02 -1.455982604424830087e-02 -7.385123084718255362e-03
-3.702515111877104775e-02 -1.529427775120666654e-02 2.291592897485223226e-02
-4.392014527100798760e-02 -2.453264125704892815e-02 1.715209667489952378e-02
-2.136741785804301824e-02 -9.973870756557857292e-03 1.955059444015424391e-02
-8.381521676487787512e-04 8.090886342561940878e-03 9.154360918086508134e-03
3.334835824579657215e-02 1.729333953769152457e-02 2.770353271144810475e-02
4.871367178016323962e-02 1.357859399542639574e-02 1.824512225899522014e-02
5.001386918518851976e-02 1.789048052969069783e-02 3.375387499694582072e-02
1.590237368728163181e-02 -1.718034418047298612e-03 3.412715162736101177e-02
-3.221681621370017790e-02 -8.244923576082738292e-03 1.631242281406102002e-02
-6.093549641103666176e-02 -2.916306925942808298e-02 2.014611456295573727e-02
-8.422831342213431272e-02 -7.895567665696967205e-03 -7.386132161514548378e-03
-7.642946053348457884e-03 7.731329056419868062e-02 1.608497574705404845e-02
1.705489999150859581e-02 1.046440541747286485e-01 1.617011751049065443e-02
1.753377570356302873e-02 4.294717535666336961e-02 1.775249805815474341e-02
-2.364672485624837173e-03 1.099622176243994845e-02 3.634763155424437699e-03
4.095805008681802084e-02 -3.290454302248343316e-02 1.140743866409016892e-02
4.282400809724268287e-02 -5.333382821857930028e-02 6.217129506838930258e-02
4.995499441763477655e-02 -5.849443928230005363e-02 6.476643784662210190e-02
2.524443694466860580e-02 -6.727541888574073425e-02 -2.352807529755142346e-02
1.545380055720979411e-02 -1.516346141057941035e-02 -1.088083053460950876e-02
5.544104310184547538e-03 -2.118686861504026804e-03 -7.471098244557218028e-03
-1.083423909524729167e-02 6.672245801370099011e-03 2.574423029361793194e-02
-1.354553584450936959e-02 8.282456088611545725e-03 6.001648856439877402e-03
-1.545941605326973077e-02 5.432236127360890073e-03 -8.562256295984180601e-03
-1.334808714311937899e-02 4.596638993756652775e-02 -4.851514227732497270e-02
-1.151618505492940821e-02 4.955212112609321679e-02 -5.580226325605998350e-02
-1.787315506180619379e-02 3.847163062804159067e-02 -5.882216113988170125e-02
-2.375002884908913869e-02 4.100707547046836265e-02 -6.121649477252463778e-02
8.919962564279247663e-02 8.303425215597461106e-02 -7.469625928888896926e-02
6.828014269064060227e-02 2.997019575456977628e-02 -1.456013659772598112e-01

PC9 atom displacements (eigenvalue=1.6300369190949133) total=70.2559418044276:
6.713611246098984131e-02 1.167837581574796002e-02 -9.583682200763658787e-02
2.455089723815922359e-02 -1.338243759801717274e-02 -9.014143599257229411e-03
-1.454258554338327958e-02 -3.340580986119427026e-02 -5.309659500269679408e-03
-2.031498588924311732e-02 -2.487674851560429945e-02 -5.411373257751033762e-03
-1.833958713808520394e-02 -2.768926490624338058e-02 -1.117994815147420676e-02
-2.096578256886577965e-02 -3.101065035811882004e-02 -9.530695227056030713e-03
-1.347321735941614702e-02 -2.134694446626332273e-02 -2.624181931164815476e-02
-2.521667711447377058e-02 8.237206851042903639e-04 -1.571691766838052493e-02
-2.964752391915479249e-02 4.552171546723404218e-03 -1.619788102597358864e-02
-2.350136821227837361e-02 1.044321640586274094e-02 -1.891306977622665350e-02
-1.725985418752690875e-02 5.426492938792188726e-03 3.033839521898645808e-03
4.598945275338893295e-03 1.693671256210880008e-02 7.763039183338602336e-03
5.096540262302123869e-02 1.365895523311878856e-02 9.908552896039531360e-04
1.002484502257576932e-01 2.040521603721353119e-02 1.007993992989495158e-01
8.299916339671434273e-02 1.194870721933391361e-01 1.098942353866446675e-01
-9.985155064870595773e-03 1.604521109152524938e-01 1.281709934744388046e-01
-7.649448300584969773e-02 1.100683440866584289e-01 5.650434224517702358e-02
-1.633907572543323028e-01 1.078244717529637173e-02 -6.842239139273187387e-02
-1.728600180532216535e-02 8.082857548250442156e-04 -5.247835014312620706e-03
1.450073291574651702e-01 5.766744255279836195e-02 3.522184338751731258e-02
9.492484736361408992e-02 2.095104237185126117e-01 -5.849150831349143181e-02
5.334949164618602024e-02 7.578273152741805962e-02 -7.847900194137065466e-02
2.768510052963259541e-02 6.333577028090595085e-02 -4.263514376072297107e-02
3.640506315372623453e-02 5.997157269426649229e-02 -5.345241408190193333e-02
3.904168965536237990e-02 4.788286179651215363e-02 -6.854648255818042435e-02
2.505014708895633713e-02 2.663024288950972818e-02 -7.004802231967989512e-02
3.044670589514158685e-02 2.154842525284415833e-02 -7.283376922251416641e-02
1.822929056583274740e-02 4.493248137904599926e-02 -5.478669154314547152e-02
2.902560369349387048e-02 3.943568412732583600e-02 -6.819215631030513258e-02
2.900457111288100645e-02 5.505915960244534696e-02 -4.834762491509000254e-02
9.578559371916551754e-03 5.676036904719310855e-02 -4.390038310470322641e-02
7.788966461707672560e-03 3.775006864227976183e-02 -3.217792045492290365e-02
-1.392489624117209703e-02 2.786623259628194169e-02 -4.673349199779157359e-02
-2.503120045470244234e-02 3.613018684217779442e-02 -1.495945473754236622e-02
-2.528839156055037382e-02 4.374732868541508085e-02 3.040741635543620352e-03
-1.938377240209622140e-02 4.237779163201634697e-02 2.469375331721469086e-03
-4.681141407458126041e-03 3.897179072206850836e-02 -3.386490689780070982e-03
-9.351149882805647601e-03 2.891436330674039545e-02 2.222201279209518390e-02
4.548650899098464519e-03 6.045384622317014067e-02 6.236518214336399940e-02
2.410596271651192432e-02 1.959645162371340121e-02 9.487184241721320632e-02
-6.585136033544334092e-03 -4.040085530748059595e-02 1.089895891930014876e-01
3.955034459098243776e-02 -7.054397764224509815e-02 9.860830287757271773e-02
4.081277078842174277e-02 -1.234988167499695942e-02 9.485269846483498912e-02
-1.311027532126328270e-02 -1.064804539308519815e-02 8.676472669917589808e-02
-2.756648435919584715e-03 -5.102831623886263518e-02 1.117895222062197380e-01
2.043170469562404293e-02 -5.064187434377791230e-02 1.008418832022277417e-01
-1.928141071975363052e-02 -3.209108236011096182e-02 1.220840495375725976e-01
-4.070905567428592664e-02 -3.858389523857886499e-02 7.294810653342820306e-02
7.219024133992610510e-03 -2.013258516047286562e-02 1.827243196621658183e-01
-2.773257019669540108e-02 5.570339796024250528e-02 1.375935020738126846e-01
1.747115609115362789e-02 4.493643424656273283e-02 7.585231799260630514e-02
3.927470754317686358e-02 5.513068302464897014e-02 1.321334372872753071e-01
1.399412359749684781e-02 5.766766072085649508e-02 4.117961386226407644e-02
2.228572254781507889e-02 -9.260190916078067311e-03 1.118644792795221894e-02
2.000243261101133235e-02 1.044616038616531621e-02 -2.820793679691014147e-02
1.494998138643941973e-02 -6.528970718540978713e-02 -4.465965633442594424e-02
-3.437763332934065663e-02 -9.614667153889797091e-02 -3.507146823227940552e-02
-2.440321784496264981e-02 -7.457300594535271054e-02 -3.702158473469069344e-02
1.384585940722235682e-02 -8.323395074211865918e-02 -9.535808693974339584e-03
6.249371005385915417e-02 -5.636662733377015289e-02 -1.453182828006379171e-02
5.385807525056895972e-02 -5.829342750044849003e-02 -1.440779368201349636e-02
2.696787225989512662e-02 -4.303144598446202729e-02 -2.414853468239967424e-02
2.231093049379860842e-03 -3.768349044626293637e-02 -1.130563314951309184e-02
-3.383246090037558829e-02 1.062384006310013000e-02 -1.810435133449349310e-02
-1.910242614794362484e-02 2.481787519503784664e-02 8.082386577895934662e-03
-2.505720074704972933e-02 2.666664510083183864e-02 7.926751255712159022e-03
8.436227532251356189e-04 2.028165174222469960e-02 4.121192206230250843e-02
2.143534782047701228e-03 7.334104834866546699e-04 2.044444850728455512e-02
-1.656609280470456094e-02 1.165935514952820551e-02 -2.513435149839731222e-02
1.510777684447484406e-03 6.398036944749338831e-03 -3.511135450812389452e-02
8.599230625984211757e-03 1.408646818415235915e-03 -3.147357108541632559e-02
3.787882915766356551e-02 -5.799995995080519350e-03 -4.205122100764621673e-02
7.247834407574105242e-02 -2.494522096406431508e-02 -8.018073149518506471e-02
6.035135594565783912e-02 3.455528181066375160e-02 -1.147599886445773432e-01
4.150377890070582054e-02 4.671366606321810527e-02 -6.281190770928253564e-02
2.540199705359535987e-02 8.993723977531085934e-03 -4.973637952165357173e-02
7.046882679396009042e-03 1.149584867149162047e-02 -3.522370932354124129e-02
-7.756148240072001376e-03 -1.609977575048296807e-03 -1.304628120567315024e-02
9.575977600789536883e-04 2.153997533524102878e-02 2.874469993904947215e-02
-1.494713715866340976e-03 2.197380870068455991e-02 2.960535443212649123e-02
-1.802741459950712999e-02 1.620929313941144034e-02 6.686917659108610260e-03
-1.960131123705221093e-02 -1.149317368289515771e-02 -4.756032638823322681e-03
-2.095858683156410010e-02 -2.433945283126299694e-02 -1.644520107733050615e-02
-1.057940366979299648e-02 -3.636056387500766901e-02 -8.266491734806266992e-03
-1.155582527244841846e-02 -4.672091741662902364e-02 -5.345120076780335641e-03
-4.793748014577306482e-02 -8.970701748046279456e-02 -3.196093414873197452e-02
-7.657361841936084768e-02 -1.158089771376453331e-01 -3.416412944071751251e-02
-7.617776151748517632e-02 -9.353366910726977623e-02 -3.115144806305538208e-02
-5.320591368066503180e-02 -5.831602997963931945e-02 -1.509342362147023803e-02
-4.120339929883322372e-02 -5.981971786373856126e-02 1.500623392202676126e-02
-3.736016806538144941e-02 -4.598918806377100266e-02 3.849664997351297940e-02
-4.329966459600598921e-02 -3.793187933926521482e-02 3.868292520636314874e-02
-2.887596108883934073e-02 -2.796555075744586172e-02 5.737643825554699512e-02
-6.331648962306767048e-02 -4.989352802504895545e-02 3.311235689680765149e-02
-7.269406749801037015e-02 -5.327998556484334070e-02 6.476126583839507574e-03
-7.175722747542070956e-02 -5.212221216750125702e-02 9.927649112077481172e-03
-6.236375159740713270e-02 -7.028117606637908354e-02 -1.967870790765163455e-02
-5.826145480950257333e-02 -5.542989160329440251e-02 -1.123022485553122791e-02
-5.840068298882249154e-02 -8.797197300685921650e-02 2.209280756207866389e-02
-4.140572669415763102e-02 -7.118913711050259274e-02 5.795129494900973233e-02
-2.381510747320234739e-02 -4.964658712128122708e-02 5.119144763191006003e-02
6.590732664453761991e-02 -5.689802738696356915e-02 -2.442809094469742051e-02
9.784827960551120696e-02 1.263490639855078534e-01 -1.600301613443223803e-01
3.566347484151388691e-02 3.491194841250193359e-02 -3.448454611283309768e-01

PC10 atom displacements (eigenvalue=1.4355270083654001) total=70.2559418044276:
-5.812899154243118122e-02 -5.025272153341280024e-02 1.295974772226858307e-01
-3.464458134435709907e-02 -1.977341447745820970e-03 -3.722049895702592842e-02
-2.209467091406612169e-02 4.931295832817685076e-03 -3.251411935157562383e-02
2.453653127017089292e-02 4.364950543245262396e-03 -4.927381550018801459e-02
1.823150589552884060e-02 1.622348692986014251e-02 -2.711148120732573968e-02
8.823038692657259735e-03 1.650963439701349719e-02 -1.253626617014417209e-02
1.891514309058254031e-02 1.542603697698608639e-02 -9.540427830794022748e-03
2.534298767839546218e-02 9.290969202960923726e-03 -1.211744315869151857e-02
1.816791163144810053e-02 1.431984403380032883e-02 -7.860429608104105639e-03
2.287084075984609222e-02 5.764156275567879593e-03 -2.328523669769287652e-02
9.940529637442133831e-03 4.728745446915491070e-03 -6.244582840300740706e-03
1.430759715088081481e-02 1.020471619122874547e-02 -6.412458766760865958e-03
4.139410871155627288e-04 1.562893089238272248e-02 -9.554453857461245314e-03
-3.787723385671108115e-03 -2.517251143959324880e-02 -2.047879555412207217e-02
-2.595675814735040696e-03 -2.286671418124460592e-02 -5.558174411992297670e-02
8.351920918318024578e-02 -2.003161220178118485e-01 -1.924791677107344778e-01
1.518897608290256385e-01 -1.526265359464555604e-01 -1.475874273564097838e-01
2.985363321415132054e-01 -1.607466959130105736e-03 4.285955191927288271e-02
5.127462766644796249e-02 -2.598375646485783994e-02 -9.327882253780594643e-03
-1.518246992714599175e-01 -4.991653325995834556e-02 -4.234399800426921073e-02
-7.917979434727062671e-02 -2.586124437267125487e-01 4.635651562502166034e-02
-3.729388848058975969e-02 -1.977799156433122929e-02 7.035514715899490734e-02
3.030755222005870539e-02 -4.189014797675091363e-03 2.200082912910896263e-02
1.630282448054909752e-02 1.539350239509727596e-02 5.120625629591412514e-02
8.091003264067649081e-03 2.897762469852295172e-02 4.577411576924517167e-02
1.857122860601044881e-02 1.695105565147586590e-02 6.524654684979207253e-02
3.475299581829756346e-02 2.257830351243936620e-02 6.218471562328300312e-02
4.059074209604394273e-02 1.410039387433331681e-02 3.077103370743330263e-02
1.187058443358842558e-02 1.595591594914847269e-02 5.092613339472296802e-02
-5.525675077396221939e-05 3.287123359559968733e-02 1.052044390315337585e-02
3.388908817923833722e-02 1.956143090779063204e-02 1.360916227784320478e-03
3.972028214162052345e-02 1.004362714329365240e-02 -2.889254087498900614e-02
3.551222636774356567e-02 1.632463781046728651e-02 -1.427938909064883910e-02
2.976427395722340552e-02 2.138117047515979488e-02 4.529311159418699870e-03
3.264455286974003723e-02 2.571313128997259126e-02 1.232475316687642493e-02
4.720353780446223668e-02 3.139399465689286101e-02 -1.412252401699306062e-02
3.468953021770562750e-02 2.814136127370575266e-02 -2.220685500357432937e-02
8.386305817176824620e-03 1.692082756179010689e-02 -2.014189063407953716e-05
-1.327929662585398962e-02 4.756864013738568153e-02 6.781005652471581643e-03
-7.727121356167585865e-03 3.912742678599938351e-02 -7.396961829001378469e-03
-2.822855268544026061e-02 -1.247328833863940159e-03 -1.743700932214890071e-03
-3.245776402909326952e-02 -2.407575260371410536e-02 -2.175141838826162924e-02
-4.373508326782608174e-02 -2.101991925545725406e-02 3.749358078453681430e-03
-3.880007839957479859e-02 -1.992245888011409324e-02 2.516349742327085928e-02
-4.601949902965982164e-02 -3.012189899106607754e-02 9.731574929429250356e-03
-7.008745273432144540e-02 -4.073577342894948300e-02 1.044030973285383496e-02
-5.935188894384882397e-02 -6.058725595404647335e-02 2.854301624914799135e-02
-3.988280557453281749e-02 -2.897500924381012435e-02 1.921854431199685603e-02
3.104743338805980926e-02 1.163795593655895036e-02 2.170350071961959226e-01
1.747313101119813972e-01 1.581857516182780810e-01 1.457493047123024632e-01
1.874258412034797983e-01 1.422032094472699126e-01 1.205693538688968301e-02
1.902506608552363421e-01 5.858200473121615015e-02 1.541418218747153679e-01
7.713263718958334857e-04 1.000112577397857389e-01 -1.483644537579848800e-02
-1.643893416361645252e-02 1.196781722100826069e-02 -4.839164767726667621e-02
-3.395424064422814664e-02 1.055778609138827151e-01 -7.308058846036585843e-02
-1.877436156720393642e-02 -3.192127668357917086e-02 -6.543684209718199363e-02
-6.253724507523657217e-02 -6.005363111764341899e-02 -4.576255415564753175e-03
-6.274801668722324033e-02 -6.745822297010306556e-02 7.223902235878750487e-04
-6.606286810199298032e-02 -5.654170350677992229e-02 -2.495205787081244617e-02
-8.302549210920243117e-02 -7.677280270100751702e-02 -3.703991970574160159e-02
-3.571270736997965434e-02 -3.337739596406420067e-02 -4.560019976193806224e-02
-3.841185084547776765e-03 2.427827985949538453e-04 -9.341144884797656159e-03
1.540636108995646278e-02 1.072017664593017880e-02 -1.552895283281208183e-02
2.893531903957332480e-02 1.389526832451611939e-02 -7.707579406749904584e-03
2.632277457116631927e-02 1.060785505354453796e-02 -1.082251501501010210e-02
5.416613856462204613e-02 5.053553544419790711e-02 2.172849380683218937e-02
3.413880526491545886e-02 5.444470454764110262e-02 -2.902409642672344053e-02
-2.235365733396921933e-02 2.520704291896559354e-02 -3.862072293879501711e-02
3.303050128998939045e-02 9.554830208511024686e-03 -4.014429956607312722e-02
3.062123838611572821e-02 1.941151606718536163e-02 -2.697299542590932131e-02
3.382013931247371263e-02 5.204021538523823272e-03 -2.698905992131711562e-02
2.745627129462675439e-02 5.730975992077054319e-03 -1.067345086144830084e-02
-4.813438117228300596e-03 6.218307836276754791e-02 2.027176871923055609e-02
8.550306555749263154e-03 5.200080134903257295e-02 6.045168318782755124e-02
-5.906153058290260563e-03 5.557099157393202010e-02 1.439670268727079663e-02
-1.628762221205235991e-02 6.368756791456216260e-02 -1.979326876507798288e-02
-1.740905394748085838e-02 3.335309566786041208e-02 -5.123610812607913567e-02
-4.148952518535208023e-02 -7.467181808241797093e-03 -7.605212900652981445e-02
-4.167103503731595104e-02 4.213618786790562093e-03 -5.723478159805655413e-02
-1.455386587319220000e-02 2.756040335799502319e-02 -6.653428196866510713e-02
3.146752729808771631e-02 3.325514015489595965e-02 -3.886347556381428842e-02
-8.867150869255262247e-03 1.304161258872387763e-01 6.591809319555998539e-03
7.809250462662643659e-03 1.058454573138442739e-01 -1.831465108868289169e-03
-2.070261093800503799e-02 3.298134620736842965e-02 3.264572688966509845e-02
-4.447249677011079483e-02 -2.023929634589030982e-02 2.089912940537851441e-02
-4.634147607007408493e-02 -2.492099568079924124e-02 1.884331557402900079e-02
-5.942662963894851380e-02 -4.135013922706565204e-02 2.113352850154013446e-02
-5.328670539898831826e-02 -5.556939171309759062e-02 -5.427657065092626396e-03
-5.825705384835647843e-02 -3.939250724200652615e-02 -2.772781400668281396e-02
-3.549954299960839110e-02 -5.628475696613249868e-02 -1.165952088723232194e-02
-3.375915334178321986e-02 -4.656974921352188823e-02 1.959729987386969047e-02
-3.603836633032053011e-02 -4.300700194375898372e-02 1.345578448520344181e-02
-2.060013156822857253e-02 -2.845771228123215174e-02 1.669607473325848690e-02
-6.982393558282401491e-02 -3.676039384253487058e-02 -8.793342407557889345e-03
-6.762408929369306820e-02 -4.621153835664890824e-02 -2.566825320698640570e-02
-4.993001561020669887e-02 -3.000601825336112263e-02 -5.008553722551539224e-03
-4.778659080047278906e-02 -3.376226090289357468e-02 -1.442267573946389402e-02
-3.990675383281755417e-02 -1.875918040150221025e-02 1.295305061960545269e-02
-6.451480863497290053e-02 -3.499114382744818175e-02 5.444073826332884725e-02
-4.886433908945363169e-02 -9.984069582385507804e-03 7.917716624355972121e-02
-3.908387305042566873e-02 -1.681994702892813205e-03 9.394749193936716147e-02
3.208469302344633088e-04 -6.436108057133724247e-03 5.776049944937942243e-02
5.265309283556746101e-02 4.645397248832386361e-02 1.822338233468561233e-02
2.354803924069876278e-02 -1.367823854619368111e-02 -1.106842967270329076e-01

