7.959001263664867e-08
0.06920353715900958
0.059845601488281386
0.062169064642369286
0.06631801544235297
0.06945427173492366
0.07424673520804728
0.06545220845456351
0.0648028089978552
0.06362750126966636
0.0716181124638729
0.05977414318029389
0.07083010894754076
0.0672458538976681
0.07809572666156193
0.053464568873317166
0.05822684231655566
0.07759562749549834
0.06065841175329632
0.07081848880974081
0.06568478262904832
0.05650837275166378
0.06325858177648255
0.06194874660241895
0.0786911775626049
0.07495271356070106
0.07311673335919389
0.0723807891107968
0.05744365547291551
0.06799326142319548
0.06759787271040231
0.05771243769955072
0.07125426908364238
0.06907889848360606
0.0648458904106922
0.0707342915103509
0.072584707947476
0.0672701990586776
0.06868200061588783
0.0821784426299001
0.06149988725464326
0.0686401503396674
0.06574740400479559
0.07476146903010716
0.06589157192363775
0.07604538020895536
0.08041101820010213
0.07762030665311914
0.07806228019847239
0.066531087475574
0.06606110509311401
0.07395488588349276
0.06349607723527462
0.06519249208577609
0.07245971152763925
0.07128594362024758
0.06266156392976993
0.07268568314702996
0.06639453836231599
0.0711652031068141
0.05642437776494106
0.06361658626869686
0.07638818247173541
0.07136973486808669
0.07658742082048983
0.05805099909545778
0.06712582244674872
0.07562872466088517
0.06395049974600223
0.0800031290885543
0.08011992232083255
0.08002113303918165
0.08604797998660614
0.08604797998660614
0.07905199420186777
0.07428474483434139
0.06693184798700477
0.07962598692978769
0.07375007021578349
0.07889382521060348
0.08282609129415094
0.08634705796585515
0.07652660927545143
0.06006771676152082
0.0807408912321363
0.07932855053646952
0.08104693001384777
0.08454246422916291
0.06722466715252959
0.07443608493054961
0.07113847456253401
0.05831623723590697
0.07644709130534204
0.07335914650186062
0.06990091554392763
0.06682269293882002
0.06848569413668126
0.0703257838715179
0.0828265546436065
0.08135589546465616
0.07438183475941658
