PC1 atom displacements (eigenvalue=13.69515460304921) total=76.76633475931808:
-1.943287358661600558e-02 -1.715250046638659709e-02 -4.370166196638528141e-04
-1.471947825534400314e-03 -2.471041560552081351e-02 -3.236177131494236310e-03
1.674901600227115400e-02 -1.530946484895822669e-02 -1.850870671770775411e-02
3.541471764544954631e-02 9.208561214071646350e-03 -2.801650209702765543e-02
2.705648093997732248e-02 2.553257673483722706e-02 8.778801404280391421e-03
2.398877537441509999e-02 2.261200082518770998e-02 1.254061821322907666e-02
3.924394718154866624e-02 3.617847860870344184e-02 -1.060693714002016765e-02
4.609766777908953089e-02 5.967404182704104387e-02 3.585708653208511103e-04
3.342469894539071978e-02 6.160281535170224199e-02 2.953566005583455403e-02
3.377487410498503789e-02 5.482608150470587305e-02 2.238236754807861051e-02
3.908916242421124621e-02 5.664611677229255265e-02 9.378814847852823613e-03
4.377066818667030984e-02 6.649811073227518410e-02 7.562404687583996685e-03
-5.763837003182183810e-02 1.432374315720180424e-01 -2.403270278190608455e-02
-1.146617324324265969e-01 8.649187866955994342e-02 -6.702971335828974975e-02
-1.343903579213029664e-01 -2.239013985984230834e-02 -1.357565237184301665e-01
-8.094935744595894989e-02 -1.611578540745471104e-05 -7.521180290179881565e-03
-4.930925861019169743e-02 -5.565948213965229464e-03 6.383130882345253165e-02
-1.452405939074546126e-01 -4.905735642047995976e-02 3.074974011206144456e-02
-7.719164969203679005e-02 -3.442213631753423403e-02 1.722835800645593218e-02
-5.432674754924046029e-02 -4.733702712734505491e-02 5.695023448382242372e-03
-9.918979835210046947e-02 9.202696025033478555e-03 2.080808660063976703e-02
-7.957867325351719590e-02 2.769001465394375569e-02 3.943123910453249364e-02
-2.452500754016352993e-02 2.930244313249261850e-02 1.989361115674363398e-02
-2.166859519499210462e-02 3.655664403760952585e-02 1.867435635051946027e-02
-3.682782196356724352e-02 8.076802043800447584e-02 6.033536682093342679e-02
9.037803657763850834e-03 1.170409654012826289e-01 9.397971441429961437e-02
2.811725339852754954e-02 1.044434591569820964e-01 8.543337988209794009e-02
3.699641707778451166e-02 9.258091681417665586e-02 4.703893912312411690e-02
3.247427655934802954e-02 9.253233326202239817e-02 3.503301293728983828e-02
4.189866340145861207e-02 2.938371795907858408e-02 -1.688289923575885670e-02
9.079294569911930401e-02 5.539409861373934679e-02 -2.877923610492457568e-02
1.065916796057002208e-01 2.041429823832987753e-02 -7.998707030832166720e-02
8.856942211465165804e-02 2.959434131709391333e-02 -5.266915068409522976e-02
6.495253391065963777e-02 5.346146853850176905e-02 5.452953186274971109e-03
5.216017752338000107e-02 6.203926373185018189e-02 3.305316658339255836e-02
3.319129012911940096e-02 6.236554873651595221e-02 5.212281804106091293e-02
2.842994775022686035e-02 5.427541962132895192e-02 3.670857537091500034e-02
5.964066743427454825e-02 7.320490526963641109e-02 9.484725121797404901e-03
9.773142442504974270e-02 4.931742219349308232e-02 1.355737883386591049e-02
1.092347166282048726e-01 2.088143871119600703e-02 -1.626486642478002648e-02
8.520934447741887463e-02 7.644944633378456325e-03 -4.784742387328970448e-02
5.521217730853567734e-02 -7.645824129750479307e-03 -6.753312367524857973e-02
3.564255386577587503e-02 -1.562250989612099352e-03 -2.471163879978577338e-02
3.191201513187259808e-02 -6.333458371224933965e-04 -1.547676053675584029e-02
1.379980805147123721e-02 -1.337387454915828916e-02 -4.815867707490688321e-02
-7.111132611553466765e-03 -1.942348443212153428e-02 -4.485112281085000541e-02
-1.121134874508860832e-02 -2.567136764954352016e-02 -2.526929485138530718e-02
-1.659012481100599970e-02 -3.804810022556143201e-02 -1.823270340295410005e-02
-3.372017260385772042e-02 -5.901195293526470542e-02 -8.536438466763612842e-02
5.054933409129629823e-02 -1.150648225062081004e-01 -5.777942973787870973e-02
8.275306298082178366e-03 -1.117917566861616613e-01 6.685239102974063242e-03
2.425649210577076817e-03 -1.332297990782890795e-01 1.975237182903401278e-02
-1.114516728492565174e-03 -1.355277425898894217e-01 4.585259650500388834e-02
-6.555022434434847056e-02 -9.508820006652446422e-02 3.209857408680196617e-02
-6.455255920524738400e-02 -5.770655902134144005e-02 3.207320174155429970e-02
-6.461686857517898175e-02 -2.872924067716918842e-02 3.891121912210791789e-02
-4.603982129000231543e-02 -1.461485018521057992e-02 4.003226002038776793e-02
-3.430793132928538353e-02 5.767479865932317006e-03 4.891349314631164569e-02
-1.412926823650174218e-02 7.389354493720611157e-03 4.744429968901690831e-02
-3.890946506662636487e-03 1.696452215177595910e-02 5.330241511191088910e-02
2.280479922599641315e-02 2.499310923481542351e-02 5.761364937760398569e-02
1.679756667643015830e-02 3.746711993082244702e-02 5.869327535776204530e-02
7.905639647450616453e-03 3.449674127023340253e-02 6.260694625386337142e-02
-2.053785474876045850e-03 3.254609473538634667e-02 5.880991313764952905e-02
2.724903121908087145e-02 4.048030518197809347e-02 6.633504363979617069e-02
2.017139759778668884e-02 1.316233538994772585e-02 4.456641701493120611e-02
4.586875574961035013e-02 1.662263619543163928e-02 4.931498330905620484e-04
3.169735673227931649e-02 -1.864332150182044720e-02 -2.724611227257368873e-02
5.522488815911087007e-02 -2.404964962006729545e-02 -9.142531104144532850e-02
4.683188219104390815e-02 -5.208306477531125800e-02 -1.209707322432280047e-01
3.359973890296735072e-02 -1.079110243157556243e-01 -1.797652738179824072e-01
6.464109096113708486e-02 -1.306113057224598806e-01 -2.328254084725652484e-01
2.860783622048794148e-02 -1.345752391578879104e-01 -1.965194441384572610e-01
4.358977282642849393e-02 -7.387205395470362868e-02 -1.581759707001702819e-01
9.959324952358747721e-03 -4.904445415050297241e-02 -8.442551445185096648e-02
-2.978067405070656051e-02 -1.014267133047155323e-01 -9.887435354739895765e-02
-2.077580247149924189e-02 -8.407290601937267294e-02 -8.707945401620460768e-02
-2.148172746602319480e-02 -9.380355434453978292e-02 -9.629770608764981477e-02
-1.358670752856926990e-02 -6.355368829200772063e-02 -4.416600095343890114e-02
8.464698911489522415e-03 -4.213362454414028985e-02 -4.354392064543951418e-02
1.480698305103455778e-02 -1.373100468956061151e-02 2.077045950832904705e-02
3.096103478623425946e-04 5.576768045692951509e-02 4.569602193908814391e-02
8.326438495741531401e-03 6.550164702908223280e-02 5.762506439013915377e-02
-5.553339962023898712e-04 4.685642471352519101e-02 6.707625123276192425e-02
-9.393782403001085454e-03 2.970614481616078509e-02 6.324624910279795509e-02
-1.780376812512268411e-02 2.054521699711946148e-02 5.772353063860678063e-02
-3.735874551362422524e-02 4.132449215942841578e-03 5.548691659011559946e-02
-3.418111975120922963e-02 -6.234655002080959074e-03 3.837802051066133147e-02
-4.287840647788212362e-02 -2.190226766467282676e-02 3.036934952133748741e-02
-4.386206070935273760e-02 -2.939711530761068142e-02 7.173016941138881178e-03
-4.691356497112884189e-02 -4.520913048844556886e-02 -2.411384281599437962e-02
-3.641447511929974540e-02 -6.044172740527981036e-02 -4.442868035782265163e-02
-9.809856917068213514e-03 -3.805950008582998506e-02 -1.968291941683395982e-02
-5.087432179702420718e-03 -3.290076898964115759e-02 -1.742134963129128924e-02
-6.593900740116690785e-03 -1.957426643382122189e-02 4.855672760032776411e-03
-1.006095904200122841e-02 -2.161114442134084990e-02 2.646748312153654036e-03
-1.502468731152368890e-02 -1.027404800931261582e-02 2.728327109538429898e-02
-1.013123506782865474e-02 8.061623453761766409e-03 4.060784162009765941e-02
-3.265591002671243415e-02 8.817397873472309494e-03 6.185602496498462249e-02
-2.342869034773495396e-02 2.397820080817930632e-02 8.020650477275972912e-02
-9.982484684950261242e-03 3.513917173432645757e-02 9.796476430258113655e-02
-1.279371005454361075e-02 2.890955210451493299e-02 9.850698316398064092e-02
-5.687363590695712623e-02 4.039532391168047104e-02 7.770648498665047588e-02
-7.959205510484550217e-02 1.989755789447520892e-02 6.350299003632363382e-02

PC2 atom displacements (eigenvalue=9.56978534377621) total=76.76633475931808:
1.131998988107865700e-01 8.438634471611701493e-02 1.147815422442935301e-01
5.259559031319310796e-02 9.865584714241786013e-02 8.627740361286700965e-02
5.907867916053404812e-03 8.192231797258195392e-02 5.805901207225173943e-02
-1.574104664067283582e-02 1.072074605821856375e-01 6.310189603349646015e-02
1.126163708244391597e-02 9.335581795475601796e-02 6.824227019525706817e-02
8.803082794323213375e-03 5.879585464510254239e-02 5.221886910125599773e-02
-2.565882695277662065e-02 6.467310621753893929e-02 4.330313275953671937e-02
-2.130311483696052666e-02 6.930445199616816487e-02 4.608076639536393820e-02
-1.322064480377829927e-02 6.260604718378232070e-02 3.880077826832847854e-02
-8.043884711229265863e-03 6.080270807179090353e-02 2.765637485459076714e-02
-9.644008868202356283e-03 6.414509861816730663e-02 1.565895837127610074e-02
-8.393017726470284115e-03 7.640756819081766238e-02 1.215071240096063203e-02
-2.569803156626240034e-03 7.464224141556663472e-02 3.714393861231153528e-03
2.133526341249601319e-02 5.818268803002974582e-02 4.936488938157927719e-02
1.786835554371149146e-02 5.299176476372956246e-02 7.040601886832122125e-02
4.977577904916875157e-02 2.004449287523418777e-02 4.047648241266754016e-02
6.948657405268797438e-02 2.756683740527866508e-02 2.218611862213929614e-02
1.113061037737877595e-01 4.899346120945951774e-03 -6.142317941071038373e-03
1.011243368250200891e-01 2.669910712579876347e-02 -4.472258665517919729e-02
-5.920661936736132044e-03 -4.364738098019365492e-02 -9.097950695753112549e-02
2.119244191957091530e-02 -1.613036234608308250e-01 3.898091283440983587e-03
8.061045215633272365e-02 -1.295281039285263169e-01 4.454266215527687839e-02
3.926250433292676617e-02 -7.395295378722631374e-02 -4.993207193007589278e-02
3.147252539748369993e-02 -1.713410240938563756e-01 -1.023125205895437095e-01
5.100053986553552271e-02 -1.748207457162881118e-01 -6.602075075533526960e-02
1.318992336119232008e-02 -1.321677377174153845e-01 -1.633887532190176350e-01
-1.471047194657106039e-02 -1.142447892849354774e-02 -8.731039488938843740e-02
-2.077476856519806445e-02 -2.722228068436138414e-03 -1.035362475548303185e-01
1.044517307124384446e-02 -8.434747246137277998e-02 -2.006556930741442146e-01
-5.289992065080288252e-04 -4.870208250829668323e-02 -1.625075704026767431e-01
-4.221966942189361166e-02 -1.780252639399064821e-02 -1.557898076067333049e-01
-5.854958534871110287e-02 3.074222670935086374e-02 -1.195139775744074179e-01
-3.927545511523174854e-02 5.941242515210896219e-02 -6.459218480892559011e-02
-2.140052039127310346e-02 6.082275919642971679e-02 -1.817025509469504668e-02
-8.960780346801850912e-03 7.587238339717064517e-02 6.545149179786716870e-03
-3.013505744767078828e-03 6.234965105707267197e-02 3.454585723964536531e-02
-7.948504651063311235e-03 5.798249358349127219e-02 2.644001752363099589e-02
-3.597984727325343607e-02 5.636147774592978332e-02 2.883163885936492962e-02
-9.562643223665125147e-02 4.453426162564789320e-02 -2.520120462206474829e-02
-1.014756792731791729e-01 5.820554918745694112e-02 -5.354776573366698544e-02
-9.653101672953917634e-02 4.739531691513552275e-02 -3.102524006070876000e-02
-9.425809820207205203e-02 1.648091340975333871e-02 -5.392533423627810657e-02
-9.246251076993290685e-02 -3.576972061266030754e-03 -5.737025323370424645e-02
-8.311388622573040452e-02 7.966627512119868861e-04 -1.741134896755653499e-02
-7.894662698183736727e-02 -1.290334966538658930e-02 -8.527376183126203144e-03
-6.473842501774329516e-02 -4.411408262735293240e-02 -3.886477807318907546e-02
-2.145413739903551109e-02 -6.083341420346775885e-02 -7.150015571768257583e-02
4.672296397999613563e-03 -5.935409094944221059e-02 -4.265986083756960826e-03
1.702990914311088011e-02 -5.850819734912193065e-02 1.445283716103204150e-02
-4.950147626188963063e-02 -5.236981993501164251e-02 1.070852102562834919e-03
-4.023388430843191643e-02 -4.884733718545120063e-02 -7.614941861347014618e-03
-4.064126305766994213e-02 -4.014707800468350629e-02 -2.216625113491947630e-02
-5.036612514189087869e-02 -3.898133164367551667e-02 2.521427376725890804e-02
3.514571813009453177e-02 -4.144206350462412841e-02 8.252574282818442297e-02
3.453607439911265259e-02 -8.055882871164031511e-02 7.423079745389164763e-02
3.659419114250232752e-02 -6.704499085718187978e-02 7.899513179022223108e-02
1.707031114304205510e-02 -8.052321869971061641e-02 4.023429223733865356e-02
1.288402214982812231e-02 -7.606349286751622196e-02 2.818063185030013004e-02
-1.402095972705148103e-03 -6.149507722901478152e-02 -8.908852110787382830e-03
-2.462425670555910481e-02 -9.010070119084047369e-02 -2.682081634914640703e-02
-9.306711705667250825e-03 -5.999047373589735249e-02 -4.088808159070328463e-02
1.850560683649154874e-03 -3.042646690899359491e-02 -2.168102127588959413e-02
3.892271528721675481e-03 1.558353428577811083e-02 -2.108101965480721138e-02
1.081904250433487168e-02 5.684707965734318857e-02 -1.384604364294066657e-02
9.477741236405433020e-03 7.135994626642061522e-02 2.848523349445146804e-02
-2.043688008336543363e-03 7.194698148999978393e-02 2.438296678058704536e-02
-3.375989640607816866e-02 8.110035985804059377e-02 -3.098938414247990464e-02
-3.531110080097615150e-02 6.082291285170726008e-02 -5.049818111306258323e-02
-2.687276988192713323e-02 5.502309991826570545e-02 -4.505508231497351579e-02
-1.286916258510304410e-02 3.924302167763679683e-02 -6.246892957295539783e-02
4.859401487397893918e-04 4.654812936130880291e-02 -2.897024155945977092e-02
-3.635869617598146836e-02 4.314573337557725541e-02 -5.304425025182092635e-02
-5.955135909194213262e-03 7.444623376051332474e-03 -7.470563370560578953e-02
-1.744633699355437398e-02 -2.366157816294018126e-02 -1.148352038058736840e-01
1.664181888233913498e-02 -3.933229045152864672e-02 -1.168668452670970359e-01
4.984647265997361326e-02 -1.223161604588272194e-02 -6.918541138547507074e-02
4.121967629607132394e-02 1.853284112901469605e-02 -3.638300435492879126e-02
4.337722430465335011e-02 5.462612313968271543e-02 1.137620243070450003e-02
3.279085944512321465e-02 4.858379858785401989e-02 -6.007137739744527853e-03
2.186053990948919577e-03 1.057052477865030593e-01 5.608375378738752332e-02
6.569535941139550451e-03 9.812072999002176277e-02 4.055879972045969839e-02
1.309328839244298243e-02 4.662705994795768999e-02 2.298808138330885736e-02
1.041587105170736077e-02 1.740813706534715885e-02 -7.300021163574420139e-04
1.439359638039987115e-02 -9.660000070615282902e-03 1.542434772926690179e-02
1.144809569974867408e-02 -2.774734486186231086e-02 1.657510904478191188e-02
1.635581570768007004e-02 -1.949441263711937725e-02 3.247861911509803551e-02
1.325828837073088524e-02 -3.876134354693705486e-02 5.099771151442256817e-02
1.192789596518111124e-02 -3.031690210741252306e-02 5.496736558582444865e-02
2.013294447057286524e-02 -2.977480727346015418e-02 6.925608926674194088e-02
3.861951764737256432e-02 -4.931007633347224417e-02 6.367983669737639629e-02
4.184366399455403951e-02 -4.621711447221137081e-02 9.885609353676723388e-02
2.622180620110591692e-02 -3.949856166646403127e-02 6.025444898770809105e-02
2.619074929871405017e-03 -6.039250143416897976e-02 2.414720073854598192e-03
-5.993780350628045680e-04 -8.096469740121408840e-03 1.625862818886730787e-02
3.483948350278043282e-03 -2.169268115891834128e-03 3.766241989968972109e-02
5.593151035079886244e-03 1.751752858484311934e-02 8.052895676191963725e-02
1.640099983474259046e-02 4.334754912607648863e-03 7.834839384868449996e-02
1.326000776601343745e-02 1.346098945855317354e-04 6.248909288913148674e-02
1.175721329321913720e-02 -1.980299488856857026e-02 8.419997663837812396e-02
8.455591293829200703e-03 -9.900655924899385771e-03 6.603582727960471965e-02
1.209944279782299015e-02 -3.189300357006886241e-03 5.258152041359841905e-02
5.294389510316408962e-03 -2.603004666771331979e-02 4.830462077126702197e-02
3.348790031300212348e-03 -7.152909801760372333e-02 7.380762635333099064e-02
-7.195265990234089339e-03 -9.274370682112771658e-02 9.877637995186785980e-02

PC3 atom displacements (eigenvalue=7.516208735467246) total=76.76633475931808:
2.608639395096391464e-02 2.375424461595162726e-02 -4.554177851935697213e-02
1.465838601582867239e-02 2.978611871530961741e-02 -3.908658615971088296e-02
1.918489821342527846e-03 2.153461917580372018e-02 -2.101737865289238921e-02
1.096439614489824396e-02 4.649409183098082016e-03 -2.173374666282758619e-02
1.844456727512178151e-02 -2.032014910333753647e-03 -3.061378619721375968e-02
1.376285058058041542e-02 3.819535426293459070e-03 -1.850687703594599415e-02
2.003427712982886258e-02 -6.279864876619084199e-03 -1.995061597538119475e-03
4.911962874130337137e-02 -2.563908200888308925e-02 -1.299716008106929256e-02
3.152335840989756860e-02 -1.331156682835659723e-02 1.110320664607760002e-04
2.987421792804823353e-02 -4.007274527814148196e-03 1.629434125932373301e-02
4.671944069341696371e-02 -9.214477636947054559e-03 3.143552292901522632e-02
6.193220615725732181e-02 -3.598699409546166073e-02 4.987016643653292142e-02
1.943650778355724140e-01 -1.353770789880939518e-01 1.064973177876938210e-01
2.854956057206539111e-01 -8.022391603906992019e-02 2.159451527221516731e-01
2.983069697219989380e-01 1.490919892692184334e-01 2.589850663142734821e-01
1.014207418080536049e-01 1.575085782168710591e-01 1.309080025490445831e-01
-5.766134921617491194e-02 7.624641607431080492e-02 3.684767851419910954e-03
-1.608133944011264083e-01 -4.346554289255418965e-03 -9.302242362726537150e-02
-7.673037537620350235e-02 -1.630009533165878433e-02 -3.249750247217821075e-02
-8.498962260472127384e-02 9.618176990926277647e-03 -1.516717332507717432e-02
-1.196672590097452166e-01 4.657814481567808251e-02 -2.687071463316902283e-03
-9.144000135219010339e-02 3.146419995089397986e-02 2.024326038734952649e-02
-4.648671709879934749e-02 1.824208767546760257e-02 3.401283060560308241e-02
-4.554261562349495168e-02 5.369944324495627697e-02 5.143741262843257861e-02
-6.010077727668648034e-02 6.841032360554169522e-02 5.043937302434404329e-02
-3.668548783614546810e-02 5.224699033052328245e-02 1.039218427840210707e-01
1.045489070989675650e-03 7.370603831991894526e-03 7.133435585713834848e-02
-7.503248802133261845e-04 1.590520456110949485e-02 5.713922567494768290e-02
-3.505212109887492072e-02 5.171703972688226209e-02 9.632715994108949353e-02
-2.768124084792049355e-02 1.489036188704224127e-02 4.790397188750530888e-02
2.000515695650240816e-02 1.159491179313650033e-02 3.909724001674603350e-02
3.277720724294873322e-02 -8.393673796339177692e-04 -2.192408867874206168e-04
3.609101431198536575e-02 -4.666679920855319914e-03 -9.014568223360731533e-03
2.848245784862755287e-02 1.576330745220055939e-03 9.220598778918865160e-03
4.129772302984106858e-02 7.085538739786048125e-03 1.361043501663277040e-02
2.701803357861996477e-02 3.713136522144253309e-03 3.461559269180028431e-02
3.976513128111701378e-02 3.981151486197066595e-03 3.707950010995468559e-02
4.558796468955619158e-02 -3.548040278449175310e-03 5.003588204079333079e-02
-5.808580692229635412e-02 -8.522536820996042678e-03 -3.271553367283772801e-02
-6.595466278863132414e-02 7.239726508237199001e-03 -1.589267652934297365e-02
-4.810379254544577127e-02 9.524864965537603936e-03 1.495047351455921179e-02
-2.250931957094817401e-02 1.633718006536023434e-02 2.685278944103280246e-02
-7.953355045777989532e-03 1.094963944873315539e-02 -3.780156494422898250e-03
-9.122406406013056079e-03 1.294312777896628255e-02 8.639623825777483640e-03
-1.772665573750184824e-03 8.815113361513509521e-03 2.514681616553296473e-02
1.646973125268459811e-03 -2.533477230943406450e-03 1.728753021383737029e-02
-2.693393714719908433e-02 -1.463922209676019916e-03 5.437388764826716486e-02
-4.337816639102481941e-02 5.799600080325679509e-03 -2.872698743103317947e-03
-5.776963961735467890e-02 1.877590320669839108e-02 3.721177561818490593e-03
-1.743511396906448352e-01 4.697325153085969013e-02 -3.016344072704825463e-02
-1.204627665141075749e-01 4.717603323703999790e-02 -6.238892134522146249e-02
-1.078158494761399938e-01 9.640116736604151249e-02 -1.273358496237666782e-01
-7.139848602074304329e-02 8.998327402641771722e-02 -1.038432102159061593e-01
2.657177497616972778e-02 6.824634506013931012e-02 -5.418480036800051025e-02
1.244562996982410269e-02 -1.635364182487240511e-02 -1.100980217310691504e-02
2.500054540322239199e-02 -4.401443481181012418e-02 6.824495682451562142e-03
-1.095434593856087734e-02 -7.148869796036853852e-02 -7.054104206797738932e-03
-1.328110822923098990e-02 -8.265923484170099866e-02 -4.825414163746069747e-03
3.429360304417765522e-04 -7.445574534078490403e-02 -2.209114864136652728e-02
-4.236898470554939858e-03 -8.503300531931218265e-02 -3.435179012568418538e-02
1.519054145661075453e-02 -5.898189515683460726e-02 -4.259931468413367256e-02
3.174230140575079462e-02 -3.592835950767758746e-02 -2.095797232799216300e-02
5.160720647247497156e-02 -1.777146171554882387e-02 -2.937459365730423280e-02
6.399347533036958691e-02 1.594661411843401044e-02 -2.091460321733577474e-02
5.679569924241774370e-02 2.393130903227239092e-02 2.957714141472177032e-03
7.096674160439419426e-03 -5.497179311741985999e-03 -2.432594068002872853e-02
1.290077650642782424e-02 -2.424823415141885274e-03 -4.290675410740216883e-02
-2.242339967554811062e-02 -2.110346654029882432e-02 -5.227040489276752605e-02
2.246745353485285663e-04 -2.515168047100535195e-02 -5.980979392848428250e-02
-1.632380481623758525e-02 -2.293917216493459796e-02 -5.685443898731039336e-02
-3.606050873830016212e-02 -3.044931240272495329e-02 -1.007129481475638466e-01
-2.591231691429624409e-02 -3.115798744728711864e-02 -1.104820617258199245e-01
-5.485524475292577473e-02 -3.077978710702860762e-02 -8.308668986687219038e-02
-4.335333266667288493e-02 -8.494834960555525463e-03 -4.306139249573606026e-02
-5.650299292030731141e-02 -2.277042723457463162e-03 -1.090123130176401216e-02
-7.827121505054990269e-02 -1.941111779689980513e-02 -4.556693709256065539e-02
-5.826706732201895889e-02 -2.298993242777572915e-02 -5.882724746370894542e-02
-4.857886527673289240e-02 -2.973241904702751334e-02 -8.747060306205266256e-02
-1.654897724707087361e-02 -2.229336509233031602e-02 -6.554326090722419063e-02
6.501826753154895701e-03 3.211854554038792720e-02 -4.369234845859209376e-02
4.050811457535871685e-02 3.665104370102671011e-02 -1.747261774455056635e-02
4.108407037591298855e-02 5.616539034069879116e-02 -6.700770780218489632e-03
5.430446537686121899e-02 3.979742225160381314e-02 -1.180444454528520315e-02
3.601992961858958148e-02 -8.497163075763728909e-03 1.169567163246494103e-02
1.645109828791810683e-02 -4.481935436183639293e-02 2.521588408686036790e-03
1.187975729285191059e-02 -4.933728006519778886e-02 4.438197710826186602e-03
4.948674593465128731e-03 -6.277697847249237573e-02 1.140719471941058563e-02
5.658955434804747997e-03 -3.405543660003321205e-02 -2.643985689512393534e-03
1.587747356007042365e-02 -8.113618616170676506e-03 -2.783970466978387577e-03
3.328954064951501063e-03 1.108326735143706733e-03 -1.408740855731541695e-02
4.522365572252009212e-03 2.018562422504448575e-02 -1.499604075733577090e-02
-2.433600391506224661e-02 3.785916579255926145e-02 -5.389834143334897715e-02
-4.201773166498506962e-02 1.487582714889104651e-02 -4.455469892771857926e-02
-1.351338903839645854e-02 2.184703432447279367e-02 -2.942019918831783459e-02
5.259035395935348755e-04 1.244054760807784994e-02 -1.748088754877057463e-02
1.878936454308670692e-02 2.145266886235883824e-02 -1.432368602938719274e-02
3.432779692864395410e-02 4.554466890498247260e-03 -4.196608334029855100e-03
3.600347762282144620e-02 -6.074898279677470869e-03 1.043016522779002808e-02
2.853189449396453109e-02 -3.041276526487404069e-02 4.332138617355060090e-02
3.017899293639467878e-02 -3.108025734617964053e-02 5.034172304033856377e-02
3.099558984240943088e-02 -3.015442874553661903e-02 5.340190703933545696e-02
1.075981711197023481e-02 -5.079010838441674197e-02 5.976038362137558319e-02
3.561778560593195815e-03 -8.694474883381267394e-02 7.477810149625231662e-02
7.634182444370397023e-03 -8.384513263498348523e-02 7.733107884282826305e-02

PC4 atom displacements (eigenvalue=4.538725120444433) total=76.76633475931808:
1.282781065532135056e-01 6.703824154852990047e-02 -1.514063562377292865e-02
5.768664406545707946e-02 5.218495079684194043e-02 5.914170730148465144e-02
-8.048442895222111121e-03 2.478647132361750868e-02 3.098076970351813439e-02
-5.052301853581465940e-02 5.797089435529319268e-02 4.103012898638320333e-02
-1.342765812385407140e-02 3.402690425712572020e-02 3.024676909387308266e-02
-1.850038843017503057e-02 -6.192938744640874398e-03 1.671436288390175731e-02
-5.267925452321706864e-02 6.243775555980745837e-03 -7.662020712643725570e-03
-5.165527307423713188e-02 3.217273166059837070e-02 4.035890915522083802e-03
-2.896140850222237578e-02 8.726072352994147449e-03 8.727452561418920160e-03
-3.694961293276062542e-02 -1.127971853176110324e-02 -3.527828682484948110e-03
-4.559322678241853333e-02 -8.013872754213172828e-03 -1.854925756593317834e-02
-2.743282738398992657e-02 -1.210480287132761554e-02 -7.992313078683732294e-03
8.894335043205368885e-02 -7.194511574612903748e-02 1.653383255334996832e-02
1.650765814620105965e-01 -4.081030839224642631e-02 1.262272795667495340e-01
1.741039570340255915e-01 1.214477091213200244e-01 1.873364597139716703e-01
4.870684473332506648e-02 1.169691659303158104e-01 7.083929911620026609e-02
-5.167192554089022893e-02 6.602501752792799827e-02 -5.092735635903458680e-02
-6.316193071200484899e-02 2.127953677388620332e-02 -1.177180028081651203e-01
2.474355666084473646e-02 1.517747837235764244e-02 -7.470608317606154680e-02
-3.061786876978045240e-03 2.444860990307985010e-02 -6.601130942155813974e-02
-3.468209060214133554e-02 5.141318495625736562e-02 -2.695404699168487545e-02
2.048966933028029125e-02 1.400240526777672342e-02 1.296530700716917901e-02
3.589931215949328930e-02 1.307044165755176686e-02 3.071638266369957140e-03
3.811150008917422310e-02 1.206747996644268184e-02 7.432500400742825947e-03
3.480412087891469886e-02 2.720180164111227206e-02 1.887031921744127677e-02
3.657547180302993944e-02 4.291126841171334638e-02 3.705089221451885861e-03
2.449030070905999779e-02 6.260039649888043956e-02 1.379422056352755041e-02
3.701545255672691187e-02 3.597235100377369627e-02 6.630997513789501849e-03
7.185454570046517775e-02 2.478410740566978909e-02 -4.319450412658567759e-03
6.497663833150540968e-02 3.311739214800355630e-02 4.472267857150473251e-03
5.970959183953898630e-02 1.350689396354222416e-03 5.664091730365067474e-03
6.130762042400576817e-02 -3.079602241280596925e-02 5.295955211883337024e-03
2.601974921272650829e-02 -4.105995266226178386e-02 -5.768872773424716174e-03
-1.127829970157367447e-02 -2.630738980956368045e-02 -1.835354050449243893e-02
-2.609946907828382748e-02 -3.446290411168017459e-02 -2.557737488178253235e-02
-5.517599232775273477e-02 -3.029169840905663810e-02 -6.597427431325604032e-03
-5.080089207397667228e-02 -2.474030635881275739e-02 3.803954631065486775e-03
-6.083734843954537869e-02 -3.619931762085179527e-02 2.384185612363698414e-02
-7.525842626792175749e-02 -1.215562275538522793e-02 3.593426032638104284e-02
-7.810366461557539941e-02 -8.944933234997761232e-03 -1.147107548780909245e-02
-9.503697792372918507e-02 -2.169560561523306910e-02 -2.423789537052258372e-02
-9.561268963623036077e-02 -3.343502914561146538e-02 -3.117020592585552016e-02
-8.859349967459471953e-02 -3.491828751736768960e-02 -4.058499256001454197e-02
-9.193638126821634948e-02 -3.422351228689267388e-02 -3.109596961460863243e-02
-8.529675507703629589e-02 -4.552090485069094222e-02 -1.544357527514489056e-02
-3.676552616394283129e-02 -3.843980269238238268e-02 -3.179738727357003109e-02
2.822852481611452108e-02 -2.463797746978758918e-02 -1.487214162101882231e-01
6.137125319655763189e-02 -4.598025947718999834e-02 -2.421382458721214881e-02
1.208376687669702604e-01 -5.551620487320454989e-02 2.385228610942175323e-02
1.696938557520952240e-01 -5.980846263427962856e-02 4.039427579728595979e-02
7.511540476266392874e-02 -6.266589338365166628e-02 3.064340542525175598e-02
5.475403563111273797e-02 -1.146589365874509658e-01 6.255930763955717955e-02
-2.123752611047255781e-02 -9.865788284590001900e-02 5.748173606867584134e-02
-3.053971126133377817e-02 -7.951149656337784533e-02 6.681585198738741738e-02
-1.341818743422291266e-02 -2.608555380123804210e-02 2.128833331350990857e-02
-2.762392813002402178e-02 2.210046238050276945e-02 2.173681982833925580e-03
-1.803431999741537364e-04 4.586454266253413986e-02 -1.019506631637718402e-02
1.337434146964489555e-02 8.773146179354024410e-02 -1.478427789834947659e-02
3.991723641589572241e-02 7.964135814819441050e-02 9.579183944820275631e-03
6.588618625647597871e-02 1.138782810797116934e-01 3.566873548559797852e-02
7.947063353655609008e-02 9.416235482593690587e-02 5.227730096161500861e-02
3.080805472845063800e-02 8.546284454234934214e-02 1.570228665124446740e-02
-7.909718132832425225e-03 4.656595672347114967e-02 3.280218081285744131e-02
-2.567927137653768302e-02 1.257232819968395234e-02 2.314588614918048487e-02
-3.553969467986493880e-02 2.147039451943344186e-03 -8.813755345121746659e-03
-7.392155193054644746e-02 -6.907698071734767742e-02 -5.879332889440645055e-02
-5.527630026156759441e-02 -7.073720823469625829e-02 -6.374055124522877425e-02
-4.751449300194949404e-02 -6.683319491978115257e-02 -6.429820079116303766e-02
1.269061178868473826e-02 -8.123765276542507796e-02 -1.904417789304365533e-02
5.510770353970457364e-02 -5.061429949503887943e-02 8.095934078236541320e-03
7.531574934012383316e-02 -7.183740836370024196e-02 2.547340073060237742e-02
1.116662109150964866e-01 -7.214982272414992293e-02 5.630118625466755400e-02
1.031476938998325682e-01 -1.349499466924211112e-02 5.569074689533135003e-02
1.053309374305772400e-01 1.059485297201867571e-02 6.117100419627567731e-02
6.966381660644456464e-02 2.721849368447091383e-02 2.104633173698789925e-02
5.056965855863797266e-02 9.997114425208231125e-03 1.983900427314936720e-03
2.189248052835014377e-02 -2.737930316753195079e-02 -1.863019981815485643e-02
-2.760320338997110899e-03 -6.896973244926983548e-02 -3.293388330059572600e-02
-1.937652784320393826e-02 -7.786489120369072259e-02 -4.906226341233736743e-02
-3.986877359569918067e-02 -5.493193270839397124e-02 -2.469462897286781727e-02
-4.214803757154462344e-02 -6.038337651263464556e-02 -4.374328185448999456e-02
-3.189263502092955921e-02 -2.818976179681359842e-02 -3.762895626898427048e-02
-2.318382947629507237e-02 1.968179086681712958e-02 -2.095255778246925965e-03
-7.948502458718816055e-03 7.446172322631466889e-02 -2.989167405595567761e-02
8.380344191262314654e-03 9.892873095256768390e-02 -1.963114069554477634e-02
-1.733148611174858619e-02 7.359099019339751524e-02 -2.457135587975158367e-02
-4.033577188472783903e-02 5.540927942971793363e-02 -2.762789332596507497e-02
-4.256727222415646050e-02 1.988563047096958414e-02 -6.401930764604595037e-03
-4.467853949999266161e-02 -4.336303696687298682e-03 5.395515142887816196e-03
1.196534144500671464e-02 -5.053691518284777334e-02 3.488686798669209110e-02
1.295530931090092298e-02 -9.880012527316885118e-02 9.273137822581999090e-02
4.576489940810317403e-02 -1.218864431140774390e-01 1.122192431432031817e-01
4.253935726255861360e-02 -1.097320128545925672e-01 1.771405793447661595e-02
2.171826987622027527e-03 -5.420722701952267880e-02 1.707495667267832848e-02
-2.400541443943320086e-02 -2.751007385323315027e-02 1.499761951389354080e-02
-6.697203153758671257e-02 -3.229244189607548277e-02 4.641847726445660904e-02
-7.884574440455126287e-02 -2.578625860545458864e-02 3.753284916245833939e-03
-7.889161418031423456e-02 -3.999581431711766479e-03 -1.692839287829907280e-02
-8.951444262784827299e-02 2.711393998179360831e-02 -3.821370267332108162e-02
-8.777030102796506972e-02 5.621711573942932832e-02 -5.730298658227573477e-02
-6.449660217842841103e-02 8.034191736151240215e-02 -5.487604341582263956e-02
-3.288022542509018431e-02 1.201663302157590096e-01 -6.186450758158638930e-02
-5.919206030713495409e-02 1.590909549108740773e-01 -8.832646381277593772e-02
-9.676650585293659901e-02 1.240342041724245420e-01 -1.039989156680371507e-01

PC5 atom displacements (eigenvalue=3.809694222631691) total=76.76633475931808:
1.676511014334180691e-02 5.583807657293972382e-02 -1.152683941854130562e-01
6.291574784780272397e-06 4.369287875101916796e-02 -6.272912422105850205e-02
-7.577252324349146965e-03 4.146360311139056509e-02 -4.949450754127494856e-02
4.873316271217302889e-03 3.819088977543536739e-02 -5.346372913171459212e-02
1.658567745871805318e-02 2.828486677257783383e-02 -6.120607592555231402e-02
4.369091543429240269e-03 3.093980867857015066e-02 -4.098384601288294210e-02
6.723162231021333549e-03 1.782858846768706207e-02 -1.598934121990713483e-02
2.176065349250056596e-02 -1.103675335699149003e-02 -3.021232655524337674e-02
3.072335883342972029e-02 -1.560414222945293028e-02 -4.297408281482346937e-02
1.964616095333558687e-02 -1.317796445550296902e-02 -2.407296607595324836e-02
1.689470079319971632e-02 -1.473455888913793518e-02 -1.122751059859727549e-02
4.157497556606886552e-02 -3.418714824626052640e-02 1.044628185329619756e-02
7.170364870917840527e-02 -5.339866772726704208e-02 3.088100103925567330e-02
1.038985177236292773e-01 -6.474306437561050398e-02 8.338609019992901383e-02
1.003169531266562414e-01 -1.570895202855496220e-02 1.102843181389066979e-01
5.910001740447790725e-02 -4.486782237383002934e-03 9.013249080896526544e-02
1.282714471568009544e-02 -2.623348104991026983e-02 6.164788626984863545e-02
-1.352864060722615454e-02 -3.424308439614883598e-02 6.229056699806150010e-02
-4.186809059802643063e-02 -5.186760454005562987e-02 8.403863693640516164e-02
7.399828635633476370e-02 -5.312272544176582095e-03 1.109733739864931096e-01
7.697205084491329230e-02 6.187036734462284665e-02 6.666740892139191507e-03
-1.322106786510152555e-03 1.061639011596082413e-02 -4.601977946061162200e-02
-3.468413819055594233e-02 -1.711224536571817048e-03 -5.995353106939346408e-03
-2.426271532093177141e-02 5.694175210214056336e-03 -1.507074812613668456e-02
-2.534722927298709710e-02 -8.767094706964611434e-03 -3.238791333769233671e-02
-2.979296127809908518e-02 -2.485048583926928456e-02 -1.798174817949084459e-02
-3.091451212964866149e-02 -5.405147362810122647e-02 -3.040531206386571511e-02
-3.474614513138048894e-02 -4.847188720732280298e-02 -1.131585950689267643e-02
-6.231446533893063994e-02 -1.675666282192634152e-02 3.056301693627262728e-02
-5.415296465292203376e-02 -2.842512692826312803e-02 1.897831347800629440e-02
-4.832621837779760288e-02 -8.838282433407318103e-03 1.915868428164244769e-02
-4.590635834761581935e-02 7.382059252388640212e-03 8.733755696296519738e-03
-2.196193667730366242e-02 1.207793831096900909e-02 1.553334680710417859e-02
8.216082843120430662e-03 -2.388703024091079225e-03 1.488711968434911805e-02
8.864333248937414367e-03 -1.892378180916407622e-03 1.649063236214727210e-02
3.457864739616049038e-02 -3.203308948531711706e-03 -4.568772906922907023e-03
2.393989031503993004e-02 -3.071455893164928147e-03 -2.570211409271692688e-03
2.597033912282777773e-02 -1.217120757307693472e-02 1.450873492045551098e-02
-6.274259419973544916e-02 6.176578577773441346e-03 -3.927016145447248530e-02
-6.904624363321790192e-02 1.904790780817655280e-02 -6.685379291130391644e-02
-6.652975350544541866e-02 2.776834741198100018e-02 -7.749011257956350818e-02
-9.324801825500333985e-02 4.820151929819964376e-02 -7.049035782907495107e-02
-9.748580593046528298e-02 2.606641573221531172e-02 -5.677158163135111180e-02
-7.525699501042899808e-02 2.593953520952202788e-02 -4.620069468401690610e-02
-8.778507919670296145e-02 4.372406998224027952e-02 -7.373946572451448023e-02
-9.502012179650172474e-02 4.294215134649884136e-02 -7.209903029273778685e-02
-4.388654228020461706e-02 3.150813912327057181e-02 -1.165514420777564591e-01
-1.834941412501411503e-02 4.549267707446041226e-02 -5.676134640286999850e-02
-5.125783517891238650e-02 6.312411791698207403e-03 -1.765842344903548466e-01
1.996217523117845560e-01 -1.192027277667462304e-01 -8.038817819823361466e-02
2.184090491513479282e-01 -1.078479267361930061e-01 7.316769329636828301e-02
2.368195091825237575e-01 -1.067891165882181859e-01 2.423765572461360207e-01
3.020681891415238907e-01 -1.319267920720513243e-01 2.270094134401980379e-01
-1.741333131915655556e-03 -4.860571851474645988e-02 7.867312981284231566e-02
1.590393058469111165e-02 2.949512407032017780e-02 1.875022460655814335e-02
-9.766945618858532963e-03 1.264990805853498206e-02 -2.384339125141477639e-02
-2.147427372071809490e-02 3.662218807800811556e-03 -2.011418264871469783e-02
-2.333938296879799895e-02 -7.245896940161855419e-03 -1.433733588451538768e-02
-1.903976243455481748e-02 -1.245211347686429361e-02 1.173809789818384573e-03
-1.663670470836497647e-02 -3.235005845133391653e-03 8.059103913192091143e-03
-1.940776420733107341e-02 -1.339559545725877918e-02 1.758582633982599605e-02
-2.356918283144703724e-02 -2.225882162599950032e-02 1.001891846286648811e-02
-5.508762616321553202e-03 -2.173573917050905871e-02 2.005913012843806541e-03
1.006571606880107481e-02 -2.277541141826965043e-02 7.888029257363657690e-03
1.877324190512614024e-02 -1.814631913761134002e-02 2.195000185263807496e-02
4.990782522602325855e-02 2.398941321455651601e-02 5.339750543622495682e-02
6.770035626123949157e-02 1.680457928889166758e-02 1.158579010100084516e-01
7.337601066229204605e-02 1.721666800207502165e-02 1.136939751119321190e-01
-1.538796863177979875e-02 4.479374998435611127e-02 3.396824845078098148e-02
-5.248074305194175976e-02 1.171103145115860548e-02 -2.452874653202627474e-04
-6.753120132816554932e-02 1.638253536067874397e-02 -2.533206392732888224e-02
-8.305651160967959801e-02 1.352768339413855034e-02 -5.733551131025457076e-02
-6.901070991133985422e-02 -3.850735879421555291e-02 -6.626168153418683648e-02
-7.092565155524316323e-02 -2.367486897914164098e-02 -7.016260778982721935e-02
-5.803325805524075370e-02 -2.847850136758102099e-02 -1.191260516253870270e-02
-5.700678345132392799e-02 -3.562859856856056412e-02 -1.019711949833922637e-03
-3.534714781791174071e-02 -5.526232986685407703e-03 1.834271081037266299e-02
-1.610954989986990507e-02 2.725739384414276045e-02 3.645452050091615298e-02
2.460603852357740734e-02 6.062846744825119150e-02 1.000714961723810498e-01
5.251860286820200785e-02 -3.832523686220547406e-03 3.873984828097989941e-02
3.056466516803282851e-02 5.349584934988159055e-04 4.580677131774622823e-02
2.139747059951927280e-02 -1.452360143056822053e-02 4.082519348131799508e-02
1.301691622620281853e-02 -3.096803226520564167e-02 2.534015522248267427e-02
-4.273253203234021920e-03 -3.237554322376094695e-02 2.126122386583887205e-02
-1.596223832266224080e-02 -3.226228680922575004e-02 1.010106508506624680e-02
-1.397946108521100697e-02 -3.360270894761535621e-02 -5.246753293993843860e-03
-1.447926691257260881e-02 -2.380622288147678234e-02 -1.638622466326209240e-02
-1.426056858441630826e-02 3.718017647359907543e-03 -2.245732634399952646e-02
-3.669204577991153765e-03 2.851919478981798997e-02 -1.609466185145013231e-02
-6.554390014886266047e-02 8.747237893550355303e-02 -2.593519806878336401e-02
-6.641289065649387535e-02 1.048767103775951892e-01 -7.995668013818645059e-02
-3.968505985666017505e-02 9.571656770815480109e-02 -5.012524917796827226e-03
4.343278816888882172e-04 1.346799014647201975e-01 3.341491250557346998e-02
-4.743222069031535759e-02 7.326161250797279256e-02 -4.791057531409052654e-03
-2.603782661816528635e-02 4.769175655530961261e-02 -9.195004234736868509e-03
1.592371841213093735e-03 4.363031588087078194e-02 -4.720265070238782723e-02
1.491489117162402706e-02 3.057627510977004720e-02 -2.566197546348725211e-02
1.416381353004234067e-02 1.178465060236337167e-02 -1.359821615602228341e-02
2.765271503750887233e-02 -4.577828932266149627e-03 -1.234383633241200456e-02
2.632253310216317935e-02 -2.851274906273446388e-02 6.327745097615601437e-03
1.709522012191392812e-02 -4.006264813043275419e-02 1.615887464208444133e-02
1.367993632230512201e-02 -4.401586763873719527e-02 1.736231714880651436e-02
-9.414684669082743623e-03 -7.679741283119624444e-03 -1.072733591259465193e-02
-7.075059112920301443e-03 5.345793619436071606e-03 -3.307212464821589204e-02

PC6 atom displacements (eigenvalue=3.127930518659185) total=76.76633475931808:
-3.214317968292099703e-01 -1.598180123852293577e-01 2.307691342874555185e-01
-1.657229793265476703e-01 -1.098832316269951759e-01 1.613426960107120639e-02
-4.789705187567715877e-02 -5.385365877874006418e-02 2.260212125097062208e-02
-1.722138009847418898e-03 -8.038581571289662997e-02 1.063812766421536916e-02
-7.408301224277830110e-02 -3.400859630842151260e-02 2.745653818392367745e-02
-5.616562194391496593e-02 1.734011729930179033e-02 2.478340799876634429e-02
-6.565596159525500380e-03 1.894174392249708960e-02 2.197217536199596796e-02
-4.810974833744515594e-02 1.859676924145534441e-02 2.352855369234662861e-02
-5.511658662113019108e-02 2.869548030757664361e-02 1.516626040769135722e-02
-4.235577492138117850e-02 2.628119365503935045e-02 -6.545081813724615803e-03
-3.583307253396828679e-02 2.511283128199888470e-02 -9.760294767438736779e-03
-5.007553914532887618e-02 3.924024824107390230e-02 -2.607759174765649640e-02
5.374862001394051930e-02 -2.683911125497493930e-02 -2.555991839940186666e-02
1.133884119645104521e-01 6.197032769626925619e-02 2.300029945044414215e-02
1.166290401096814061e-01 1.530732440514285253e-01 9.503671219449301433e-02
8.843036342537603789e-02 1.458166837947985073e-01 1.708695835594378765e-02
-2.166360655080048353e-02 8.883139358988195733e-02 -3.860984270509840166e-02
-7.675347236106244697e-02 1.296814008816610762e-02 -1.135847930219578417e-01
-6.489394909778549263e-03 -1.390521834539474970e-02 -4.301056806396846843e-02
6.906979121440752489e-02 2.514809959342420922e-02 -1.362423759718483368e-02
5.325664366199552718e-02 7.746214794027445061e-02 -5.839665174986009843e-02
2.666564413498350231e-02 3.139885585185034356e-02 -7.228887497367317283e-02
2.552427074011830513e-02 2.773984365787929979e-02 -5.667893920718345552e-02
6.683002352616991548e-02 4.151956897882558284e-02 -8.188943956227968946e-02
4.807391148650328599e-02 3.904447197107027701e-02 -1.327313369996344083e-01
3.080957926043759523e-02 2.656293405809144817e-02 -1.322702502312995965e-01
2.831815649676997990e-02 5.817351457647631716e-03 -1.319908432948519450e-01
1.550679401092412701e-02 2.803788506253571122e-02 -1.038160731836755835e-01
2.325240603128198025e-02 4.040267364105935149e-02 -1.233487330995645531e-01
3.330339192620477423e-02 3.438212803072371315e-02 -7.790781429309009964e-02
3.189441331328802393e-03 3.149276244929498370e-02 -7.021378762101786186e-02
-4.795496603475213164e-03 2.079834464811582476e-02 -2.077812059588030752e-02
-2.163770206260341375e-02 1.129161763424716379e-02 -3.588876202395665377e-02
-3.526754307656768811e-02 2.073586414694819982e-02 -1.395032846686526315e-02
-3.674645358464233985e-02 2.709622339066897895e-02 5.807189593257146027e-04
-3.669207735634997386e-02 3.710761904486371138e-02 -2.134046962488462054e-02
-3.737204853776594088e-02 2.532937831280351534e-02 -4.066027800074537707e-02
-3.806639778351455367e-02 2.682323357720716589e-02 -5.531719809184088704e-02
7.976408998544572138e-02 4.128835094958255292e-02 4.121113489341382552e-02
9.053941870274823112e-02 1.036453604124260887e-02 9.681467911948030136e-02
7.985146408436070986e-02 9.569186584343686644e-03 8.569496521887873253e-02
1.029373929221984313e-01 2.894296766605165133e-02 1.067384741351819766e-01
1.181734865040582338e-01 4.896455589131551434e-02 6.966851156096903752e-02
9.242049897193135855e-02 4.751188571731061044e-02 4.349313779154886234e-02
1.082578920837673070e-01 4.445697950273001103e-02 7.474836385820797513e-02
1.115929847320280832e-01 4.883442048695931653e-02 7.847770775054127568e-02
1.847168795474284780e-02 6.332783046227609403e-02 1.737116043075176419e-01
-3.303546818496264775e-02 3.895065827302262446e-02 5.622472183775049925e-02
-7.339067599343175596e-02 9.255144924579095447e-03 -8.439714897746314337e-02
-3.922098839354744293e-02 -1.061474279630714723e-01 -4.942908848829852264e-02
-3.449248289149056679e-02 -1.008558692642321925e-01 7.888088772355583700e-02
-1.002695706797851125e-02 -4.389719038367222853e-02 7.375766362845778690e-02
9.019198286128857212e-02 -7.689347121441188204e-02 1.154719315177943073e-01
1.955163681875106418e-02 -5.840392681587754098e-02 6.941182973979351245e-02
2.359593642540887617e-02 -5.674712439997035840e-02 6.448279147685938295e-02
8.195570860117710674e-03 -2.207791405343364002e-02 4.435433130956955433e-02
-5.481051026071820533e-05 -3.125660283593502398e-02 1.847643168658622383e-03
-3.602216123692902373e-04 -2.542782286373409736e-02 -9.740989729523617108e-03
1.792257986257802041e-02 -3.389427119056353382e-02 1.423856694216384805e-02
6.444406777444357248e-02 -1.333551230765903962e-02 7.052441088901149685e-04
1.991559234832268946e-02 -3.359210732673574562e-02 -1.665705612713494054e-03
-1.257761994010111670e-02 -4.040462992479715992e-02 -2.566725144835833167e-02
-4.910835811113118538e-02 -3.900030964181454979e-02 -7.429730333966896513e-03
-1.010532924573998709e-01 -2.382458034807905314e-02 -2.463874378541055024e-02
-5.704520287664108236e-02 -1.115160310046598227e-02 -1.620522155142631489e-03
-3.979355202571733391e-02 6.418749195830693310e-03 1.212024524018005117e-02
-1.809489399039735172e-02 3.810486538239711129e-03 2.945745619342595573e-02
-2.357010915722155056e-02 -1.766478792567299783e-02 7.510994977287276282e-03
-2.717642858267948353e-02 -1.388451383851164317e-02 -1.128642010507240057e-02
3.175493757637106850e-03 -1.820984409703007081e-02 -2.265880852453568822e-02
2.222981967589228100e-02 -2.606865914779151958e-02 -8.441316004096465278e-03
6.297962932308250050e-02 -2.653088804726911817e-02 6.701741455496277623e-03
9.047854309391629990e-02 -2.286429651632602977e-02 -2.212041397530990425e-02
7.826230893102711916e-02 7.798788419078238332e-03 -5.533263181051464863e-02
5.449939835114816361e-02 1.856865081523123573e-02 -5.867148655463405582e-02
5.125673760840872284e-02 -1.862331551802710568e-03 -3.731650719080858991e-02
1.571706517243318460e-02 -1.028611734026700988e-02 -2.541845528050553499e-02
-8.240531978655738637e-03 -2.895959399959392375e-02 3.481224050455835250e-04
-1.749749518681676178e-02 -6.402377727566671735e-03 3.530162102818776987e-02
-2.536008383853037909e-02 -3.067893972007796136e-02 2.020717490421723717e-02
-5.633667899282376879e-02 -3.816436130900501683e-02 -7.831627207054658868e-03
-5.638633703035517142e-02 -6.442219996317456732e-02 -1.743406913315136142e-02
-5.904658749817941893e-02 -7.612676993638348155e-02 -2.845264076528519412e-02
-3.771887967666021080e-02 -5.847535354255177509e-02 -3.266270223110104981e-02
-1.862479322738433418e-02 -3.897740968967953329e-02 -1.936107315149875052e-02
-3.280130021978745758e-02 -5.408631099595810621e-02 -2.224462170968248553e-02
-2.674782843512539532e-02 -5.940893025623313756e-02 -9.480860455355274996e-03
-3.024461567560130307e-02 -1.057554893816670116e-02 4.661197784397652470e-03
-5.125770966942309187e-03 1.025228033860540837e-02 4.035923858298715722e-02
-3.960733720317208967e-02 4.129461589595741222e-02 2.650301544663546255e-02
-4.047093548873786223e-02 5.389934209535513637e-02 -2.074428392614288338e-02
-3.078923821554115439e-02 5.149363584353211509e-02 1.280032401255203935e-02
-3.513615699173952556e-02 4.651835335138874983e-02 2.436106475146188055e-02
-3.157767377914324526e-03 2.968689434537547314e-02 3.367338617885382718e-02
3.531114368322650719e-03 2.540634909462182248e-02 4.127320527677921791e-02
1.494040733097314923e-03 8.467468992188328589e-03 6.332286350435372031e-03
-5.868682135184333411e-03 2.175250940181569503e-02 3.371584922801382916e-02
-7.502482565142565979e-03 2.579121782438203309e-02 2.369873625378158752e-02
2.001776423224293708e-02 -1.150370677608005508e-02 3.359637375882115751e-02
1.536521794462633421e-02 -3.623114760472154888e-02 4.134535256378062823e-02
-3.693636492949213708e-04 -4.605023646752313959e-02 1.222834026603165751e-02
1.815038641543626624e-02 -7.996609241603849783e-02 -1.294094140836267275e-02
-4.993435381352151307e-03 1.815722251752135280e-03 -6.535714270184084240e-02
2.610137960775707911e-03 1.350371342554376394e-02 -7.629971055008932801e-02

PC7 atom displacements (eigenvalue=2.2624353677824462) total=76.76633475931808:
-3.351849284923112959e-01 -1.878306652270081700e-01 4.006439922463770342e-01
-1.739288606127322168e-01 -8.540605831116640512e-02 1.584128633894958671e-02
-5.860142222177427973e-02 -2.066721815921885100e-02 -1.103732644602411009e-02
-1.156963290224067784e-02 -1.945447219279486037e-02 -2.491605909914843334e-02
-5.247308096987869652e-02 1.620988692777849613e-02 1.677904123667310968e-02
-4.149790845258458788e-02 2.722783286040549727e-02 1.516689274470595875e-03
-3.117819412752313724e-02 2.871357967374656497e-02 2.479725764916486928e-04
-2.341817470296975873e-02 3.408535910799286722e-02 3.193932067306281663e-03
-2.841248492796626460e-02 3.194728163988742875e-02 2.215818611047144088e-02
-2.865242714764903997e-02 2.680919090757363787e-02 1.735666247063854042e-02
-1.216860780281175253e-02 3.262951363994319454e-02 -2.216557846530348500e-02
9.586108594952905820e-03 4.360111045973735083e-02 -1.529844641187320074e-02
3.018556333306838223e-03 6.409451775633345783e-02 -4.279178511115501460e-02
3.700247450121015025e-02 1.088596549153346069e-02 2.947972287122613624e-02
1.984117249831377286e-02 -1.660129264593151674e-02 8.552999026652365056e-02
7.210970031469776664e-02 -3.600549619972708698e-02 8.014874479828328069e-02
7.323951753106508478e-02 -3.691468667011891386e-02 8.057420937685592921e-02
5.674863328300250309e-02 -2.058862832918974956e-02 1.076235588442319979e-01
-1.463390575377918404e-02 -1.854974418036885175e-02 6.233539632900230582e-02
-3.507876933424574489e-02 -3.270063119529212359e-02 5.681628549234893355e-02
-2.261892851494133605e-02 -4.586609000420364263e-02 6.971281446658782188e-02
-1.911645528090678836e-02 -2.393606885626606284e-02 6.727743070239973477e-02
-1.745611332066241209e-02 -1.669843048647144668e-02 4.897924124347138863e-02
-1.491004928135154610e-02 -3.475166600785046384e-02 4.019148832864968823e-02
-1.459058012881968985e-02 -8.869849586250611387e-03 6.785746457976236934e-02
-7.543336177880105922e-03 2.375242165194110106e-02 4.067352977655400159e-02
-3.033222734791160904e-02 4.116369472603453178e-02 4.751513522518810428e-02
-3.203934718070802767e-02 4.369862686938529028e-02 5.595014525911494452e-02
-6.428901300858974772e-03 8.816577355485263542e-03 2.098294593844917191e-02
-4.973534757149491482e-03 -8.013862712555891096e-03 1.213675786159529833e-02
-2.971510093276637406e-03 6.127392918707679978e-03 1.140674526216987200e-02
-5.618894173942737963e-03 1.385929461055917730e-02 2.034075139827995135e-02
-5.186005757857443076e-03 1.626826040813643404e-02 2.079848794128114076e-02
-8.231113882710748217e-03 1.991982184308422124e-02 3.307495381093052134e-02
-1.645125599888331430e-02 1.544269204157413915e-02 3.095391941818335241e-02
-2.638655074688650570e-02 9.865055378590175880e-03 5.543796148262822993e-02
-3.299819994613241436e-02 5.073256736528727710e-03 4.555387517715250162e-02
-4.898245964419138676e-02 4.133222388492568608e-03 4.650370486607487142e-02
-3.965036769339860129e-02 -6.244932473940890787e-03 4.795519947764125684e-02
-3.795456431339846309e-02 -1.445817098895198563e-02 -3.534335488479838777e-02
-7.158649942085651419e-02 -2.545981347898739269e-02 -8.703734345284463991e-02
-1.079537930350079195e-01 -1.743674625382979695e-02 -9.119032559029995044e-02
-1.124118060512596246e-01 -4.138212521172813380e-02 -8.359294617741770683e-02
-9.329957122333065733e-02 -4.316131959693454007e-02 -7.489368028335183225e-02
-9.445580622652204050e-02 -2.840668411814989414e-02 -8.331655416672313630e-02
-8.577301705490997241e-02 -2.288226528784263747e-02 -8.657421487268364413e-02
-5.108072034102739689e-03 -2.835487153089323240e-02 -1.848509870034487634e-01
4.436334412108664665e-02 -4.248582555091275775e-03 -8.831265871893133335e-02
1.863852489959287595e-02 2.521030911331417768e-02 -6.949454438144160584e-02
1.045709179606021388e-01 5.025910926781688298e-02 -6.735497044326060889e-02
-1.066292531921415529e-02 3.939130801412610294e-02 -9.588355030403002133e-02
-1.977116286243131571e-02 1.886881405715810575e-02 -1.638022079033110701e-01
-6.861086177303039879e-02 3.073317552717354587e-02 -1.445013326130213660e-01
9.975781327697592557e-03 6.908176245772267368e-03 -1.029212268408299658e-01
7.517648885031023333e-03 4.379937122267389682e-02 -7.759640111269178187e-02
2.746534165143867459e-02 2.113462382942381257e-02 -4.636901802930834537e-02
3.553742041821017494e-02 2.754288159101065531e-02 -2.353142637111808183e-02
5.341077542456715288e-02 4.733598721431445805e-02 4.921533757536487169e-03
7.125723998296924766e-02 3.157106526782605532e-02 4.575857357889449167e-02
9.331142282936920329e-02 6.091710348347236653e-02 6.959992487369465186e-02
9.243620484178428909e-02 2.861200945637327325e-02 8.498636024631177344e-02
4.078520425169995106e-02 1.224986443251667792e-02 4.058463010254444864e-02
6.620725190705778473e-03 8.121394114310625731e-03 5.507851160492772263e-02
-1.638865398493680875e-02 2.129954399138508578e-03 4.596148473203411078e-02
-2.240153247553182056e-02 2.001898362766960787e-03 5.076765840738902552e-02
-2.506670155520525356e-02 2.329972963261650164e-03 4.899582543125891726e-02
-2.171769075343047903e-02 7.174359617507265752e-03 2.741177182326068329e-02
-7.761611560194048992e-03 1.122319147144399364e-02 2.801706416437042824e-02
-1.033073055039117512e-02 1.193647060315465233e-02 1.580903834194435226e-02
-6.844721600015156275e-03 3.740470647824631692e-03 6.910801529226511843e-03
-6.010526692769393477e-03 -7.995317906887922446e-03 5.010169673724368042e-03
-2.162457895425839299e-02 -1.869405741266848969e-02 -3.160207404222061672e-02
-1.780420305556484548e-02 -4.122095621152589012e-02 -2.935961923518367808e-02
-1.629256725142834775e-02 -3.090473355942487121e-02 -3.163839889404291422e-02
-1.030496728315604717e-02 -2.897196401353812484e-02 2.504026076371013588e-03
-1.149198630476012603e-02 -3.726678885453441059e-02 1.654902145036075620e-02
-8.604148531442952844e-03 -2.029639229078153070e-02 3.189164299290508930e-02
-4.573901065898448165e-03 -9.651191243073401621e-03 3.590056024546167679e-02
-1.590511957215951303e-02 -1.446987442466998210e-02 2.560138842545235660e-02
-2.008127325779791167e-02 -6.019593950806090710e-04 4.196992908590568144e-02
-3.431467245609375050e-02 -1.868585176253746054e-03 3.875710479709813805e-02
-5.247824225414361547e-03 -4.485916644975105477e-02 1.855162220569541234e-02
3.475254742594877187e-03 -4.622042921639219620e-02 1.969533575100436765e-02
3.990739729780117678e-02 -2.429976657309441956e-02 1.813290076785457894e-02
5.821723564138180096e-02 9.599639358446447092e-04 2.955396529608609463e-02
5.177980821476876883e-02 -1.146363085123180102e-02 -5.691582925859573622e-04
6.273739350043233687e-02 1.544241485350134925e-02 -1.981122084968256480e-02
6.640675128968392960e-02 2.581675364734698983e-02 -2.998389381983180418e-02
5.079761930974256712e-02 7.556299714032399875e-03 -4.752023277654358890e-02
6.162915605849194484e-02 -2.684797908194139302e-03 -5.392703102145052912e-02
5.995702969522891113e-02 -7.240145245468117968e-03 -4.359510408873041448e-02
5.502238424940793238e-02 -8.234262178453906388e-04 -4.424656667969679991e-02
1.614500274640531807e-02 -3.400224572708631515e-02 -8.711042744948627181e-02
4.378533795650634691e-02 -4.890828922456162513e-03 -6.444087549657862013e-02
5.089917394916979726e-02 -6.423306151539059233e-03 -5.023802503289890448e-02
6.383804421918229388e-02 1.341068799150254166e-03 -4.582421604646294555e-02
4.901468423026118099e-02 2.580155573952986475e-02 -2.635831047369360802e-02
5.130527862237154596e-02 2.369950980737319315e-02 -1.415230050511880402e-02
7.624237226058119821e-02 1.166820355190342599e-02 -2.607321565958525822e-02
7.758157814409541442e-02 -8.335430391163033831e-03 -6.142295647720952267e-03
6.907302402075560233e-02 -1.661903137291297072e-02 -1.154413292156147679e-02
8.845729825762717324e-02 -1.890829966283546354e-02 -2.521388408590524016e-02
9.748221396896269986e-02 5.729643568942864584e-02 -6.577240214651630668e-02
1.224489287728539183e-01 9.650443287156341976e-02 -9.456980009550841615e-02

PC8 atom displacements (eigenvalue=1.8840140586457987) total=76.76633475931808:
2.894906838129829296e-02 3.232412133529966036e-02 -1.293093176278983236e-01
3.375414727041475393e-03 -6.448857712029042177e-03 -2.211365300568088679e-02
-7.420651316367049208e-03 -1.532722989508756087e-02 -1.032054139779526453e-02
-9.685048434199896444e-03 -2.729568828472335104e-02 -6.716882203727435503e-03
-1.400717779156664990e-02 -2.895911660433192480e-02 -1.346901703061996816e-02
-1.228050309534866290e-02 -1.291930483458668920e-02 -5.912730614919941077e-03
5.455542529608520957e-03 -2.202108993869767231e-02 1.138334216392560168e-02
2.266443113963168346e-02 -4.340553638620171101e-02 7.237526185036143511e-04
-9.854311680913932156e-03 -1.773943572356816503e-02 1.637148751705354982e-02
-1.281207423978498929e-03 7.590412812933745000e-03 3.615309770624438451e-02
2.816359338835446383e-02 1.090746792643412268e-02 3.430973540618617937e-03
5.032035922029280683e-02 6.373377607414021373e-02 -1.180386876674915236e-02
-1.832383218483065943e-02 1.348777015301416693e-01 -9.662457756643588747e-02
-3.763086838647008991e-02 1.263855396466034564e-01 -6.641018441826110341e-02
-6.557837160513135810e-02 1.239550406929059018e-01 -9.770160729413041034e-02
-4.546782109488804735e-02 1.377206345525448516e-01 -1.963480812902967595e-02
-1.765668497149313829e-02 1.360104763232232172e-01 -3.156741990673811015e-03
-6.215076477834650948e-02 3.548931443671186903e-02 -1.121165677615298950e-01
6.598241371279396639e-02 6.719859926307800158e-02 -1.213863225886089164e-01
-7.039481950485936002e-02 4.153421822357851977e-03 -1.573457685197652278e-01
-8.133997256144256949e-02 -7.608238504290382176e-02 -1.786257438819601612e-02
3.139863351480864928e-02 -9.869163768202166009e-02 6.462089963828049344e-02
1.728824012440724825e-02 -6.593093213441014733e-02 1.028290677339098176e-04
-5.048700469209294744e-02 -1.305906631675323726e-01 1.411599177304243176e-02
-1.220730871568351944e-02 -1.444322305185024580e-01 9.992428587951461549e-02
-4.649286634075790008e-03 -1.102530846645134038e-01 6.195288365181755158e-02
-1.130202726074551467e-02 -2.098866683048385834e-02 1.005197986019926992e-01
1.522097512611039066e-02 -6.240295540494005672e-02 4.386393867326913998e-02
3.626874758682323979e-02 -1.166292761119461091e-01 5.047803728641820503e-03
4.166830368519411007e-03 -4.193484719253844084e-02 -1.327071034287418154e-03
7.548248042602671848e-03 -4.516791145106277550e-02 -5.699503728693356384e-03
-2.179986643732311890e-05 -2.500193761593961367e-02 2.458711981281595186e-03
6.516466926421674022e-03 -2.102693670648866919e-02 7.083335966829040937e-03
-9.172429609316535767e-03 -1.269583884387634649e-02 3.053330147435546343e-03
1.620588160867486929e-02 1.015157993572267901e-02 3.092393762987056399e-02
-7.678446189687652967e-04 1.636444466382435683e-04 7.820561519920302129e-02
-3.719667301693870801e-04 -7.731297091501923048e-03 5.994768999214936112e-02
1.218488848447491987e-02 1.656015627920760444e-02 1.912373336528124662e-02
5.670633990760173826e-02 -4.292786006915532207e-03 4.154952350149920121e-02
6.118915138059341507e-02 -1.970914718038159832e-02 3.819821869469067210e-02
4.524684162082181355e-02 9.057756760598346599e-03 -2.194467722374829344e-02
-1.746776598192531157e-02 1.714071225822403829e-02 -3.099344107722325908e-02
-4.590638039145969462e-02 1.619646302296694901e-02 4.125418995569626879e-02
-2.599284563510860860e-02 1.230619163173661545e-02 1.323107496695223595e-02
-5.544159839067758222e-02 3.509482232495642062e-02 -4.257101895422021193e-02
-1.010063305283149526e-01 3.819506949627798909e-02 -1.916680377924510209e-02
-5.399987121601838858e-02 2.354838675219022084e-02 -5.256542105772958606e-02
-3.837380996177470333e-02 4.470080860896473440e-02 -3.167948768307305568e-02
-9.859569708184219572e-02 2.742480464634696954e-02 -1.313797727109683733e-01
-5.768462411582759436e-02 -2.482254884550719881e-02 -1.039540422041399237e-01
1.497035732294654982e-02 -5.041982130772343883e-03 -3.664496233150821292e-02
3.586020376708408397e-02 5.313832505998253297e-02 -1.531330832062921836e-04
1.228087542307989416e-01 3.638361589013744402e-02 5.353474137075234923e-02
4.323370596003212052e-02 6.651563875897188727e-02 6.706492647763670489e-03
3.832888196922619450e-02 2.761540313010925687e-02 1.105457369321299899e-02
3.652208172343915371e-02 -8.120062177412708596e-03 6.881485817694706769e-03
-2.284127458688608309e-02 -4.780832941278267273e-02 -2.790821902435249718e-02
-4.901167050188047838e-03 -2.965908775397274946e-02 -8.117514018210699595e-03
7.863633497349802048e-02 -5.253725093277594044e-02 6.080546558729042761e-02
1.785883650492815222e-01 1.316717282647350031e-02 6.452264307637317620e-02
1.743606727976446114e-01 -6.462654755177437912e-03 7.607121760636784136e-02
1.067064227806034243e-01 -1.143057975953709442e-02 2.819582317887095457e-02
5.638184015141411293e-02 -3.150771889242064833e-02 5.098061803490815808e-02
-6.009711599692697456e-03 -1.494054104959896025e-02 3.110066490069224310e-02
2.017264759428919266e-02 -2.275963561115108575e-03 4.932290981367886545e-02
-2.231091669066471300e-02 -3.851025739146065469e-02 1.568729003723338261e-02
-5.894355719949714162e-02 -2.315356542536884527e-02 -1.042160451933356463e-01
-9.197599666781923478e-02 -3.419649327056349664e-02 -1.103103346348623531e-01
-1.816740345998238415e-02 -5.767313973595945831e-02 -1.618015721547718527e-02
1.094268373506616064e-02 -1.579023590312373174e-02 2.962489412755606871e-02
2.318118694510315145e-02 -8.297901648611022418e-03 6.791618003738914000e-02
5.820366007205086782e-03 2.836359972179319788e-03 1.150688922772636624e-01
-2.411612371739582303e-02 6.804513842988739458e-02 1.340417806094810482e-01
-1.669698004739359268e-02 9.465458604593168443e-03 1.577809565256418356e-01
-6.877109926079757324e-03 -1.504495268960674920e-03 4.941276898325486222e-02
9.892007340147510389e-03 4.326400439368723733e-02 2.666793017278572958e-02
1.243880844052645644e-02 1.547520201984371561e-02 -5.879372552970224194e-03
3.445630112471439587e-03 -2.212609959846311737e-03 -1.762622239295593904e-02
-1.415505555999077569e-02 -5.104154590193031582e-02 -9.963198166514623810e-02
-5.268492126401305709e-02 9.809136158093174711e-05 -4.375655181594987481e-02
-4.348116012734712550e-03 1.593342179522574953e-02 6.051032720907673426e-03
-2.041061902015016763e-02 8.529906347031483704e-02 3.407373682167114115e-02
3.314187111612865860e-02 2.816769025052576203e-02 1.078007813731665480e-02
4.500329118980812837e-02 -2.343347810589435296e-02 4.602714571919217651e-02
3.941947595910957891e-02 -4.004488141481384739e-02 4.570663554841251225e-02
-4.033607281153821396e-03 -9.142728932136548470e-02 3.352446526284089470e-04
-4.145346962657716489e-02 -1.138061729185986942e-01 -1.640918729417994645e-02
-4.166342275918548388e-02 -3.955541507016828440e-02 -2.491818835075196650e-02
-2.603639380394055271e-03 3.242053690050791109e-02 -9.519482335563081779e-03
-2.497493437588490725e-02 6.102930305184638832e-02 1.112781824141689108e-03
-2.420397974410361600e-02 7.847564122321513957e-02 -3.660081596905204182e-02
-5.271555769289437005e-02 8.932824471484018813e-02 -7.484627520907166653e-02
-2.059259479886751953e-02 9.583217042674917197e-02 2.354730296644303236e-02
-2.080970619737087385e-02 5.604789034503263739e-02 8.530706227372194736e-03
-8.776173411462780474e-03 3.987286682331657450e-02 1.971648549587033759e-03
2.920047183372923450e-03 3.355048768780418550e-02 -2.337016552867217378e-02
2.606871337815386616e-02 3.754200764991060479e-04 -2.783543885626401856e-02
2.781070510235638185e-02 -1.556735958506375375e-02 -7.265566396015931197e-03
3.729632381701884769e-02 -5.644088322149351522e-02 2.239201262046041849e-02
4.815324784197946850e-02 -7.472472801994631264e-02 8.302194960392875189e-02
5.460784651727017269e-02 -7.123546361658755766e-02 1.076863608531891114e-01
8.599817940771238567e-02 -9.338090788223317451e-02 8.034274495725036991e-02
-8.517216158503000678e-02 1.119304603006777282e-01 -8.502097416791944140e-02
-1.596039401278507575e-01 6.912772618912962908e-02 -1.908201712090912550e-01

PC9 atom displacements (eigenvalue=1.8429119141588532) total=76.76633475931808:
-2.111103060413629107e-01 -9.285907256627767836e-02 2.011023479760029598e-01
-9.849014162130817485e-02 -4.571863932871094577e-02 2.682292616518033856e-03
-1.384744133425690193e-02 -3.635311769061142905e-03 6.228078219893412246e-03
2.847623107028730491e-02 -1.612951697813921545e-02 -6.120192128392790316e-03
1.845256773078246797e-03 6.252396085209868150e-03 1.446243814152516072e-02
6.993527107401487260e-03 2.675917855848538446e-02 1.870505062229250309e-02
2.337361880139098708e-02 1.816220029487174842e-02 3.340645069779146770e-02
1.425012387595709848e-02 -1.096834283465452850e-02 1.966084747529807386e-02
6.844397540477476470e-03 -2.456558538015496482e-03 1.778939733632519185e-02
2.108006336880789006e-02 -3.006880610551335500e-02 -3.766457937265733913e-02
-7.547272744769936530e-03 -2.589326936711021376e-02 -4.765389299891292785e-02
1.215025487596349367e-02 -1.155195759900383640e-03 -5.390818643249894321e-02
5.591218878756906013e-02 -3.726649043676356216e-02 -6.106727302810893016e-02
9.041797613406366008e-02 -3.502362898183680046e-02 -4.417845209554289998e-02
9.745523713485462758e-02 -7.685178923010465559e-04 -8.390943046735269834e-03
1.379541510543901006e-01 -9.124666135870633521e-02 -1.424394771785829905e-01
1.325241294855705465e-01 -8.412454619766507324e-02 -1.556917782536298422e-01
1.967236978670213465e-01 -7.911087953026608879e-05 -8.462287031489292011e-02
5.211907012747341028e-02 -1.331353690913865927e-02 -9.568534686283725055e-02
-1.552782334570518841e-01 -2.805706464371516412e-02 -1.067367704722379657e-01
-1.177067784617049362e-01 -1.647484330727805313e-01 2.683093210839536912e-03
-2.457825727075145517e-02 -6.988783673394714790e-02 7.162248683021338325e-02
1.368162910801314427e-02 -5.914850732734196204e-02 2.478052986609833100e-02
-3.915502025452118756e-02 -8.117354824281415582e-02 6.298442611588546403e-02
-1.914874061802459768e-02 -6.497621704165190692e-02 1.304691650250552892e-01
3.217674239695835457e-03 -3.787923805108617953e-02 1.158397573707007355e-01
-1.082379122524110228e-04 1.224937227472431243e-02 1.278281257337784416e-01
2.046615102009529188e-02 -1.725976286671138810e-02 8.360939981798071186e-02
3.507965477998189335e-02 -6.778808702838279299e-02 5.553551019140345185e-02
1.210561199376712464e-02 -2.397580600518259969e-02 1.678884566835156175e-02
3.949169685104950839e-02 -3.704428648505289634e-02 1.030768094339746047e-02
4.466174654579585512e-02 -3.515970756135701480e-02 -1.993726308019085069e-02
3.992024017714191492e-02 -3.583289362411404277e-02 -2.042204023552549041e-02
2.642074285502464884e-02 -2.916087616731835239e-02 -2.118524433000956372e-02
4.039601542792182337e-02 -2.742396796218928706e-02 -2.995596408060343524e-02
3.703453234160197088e-02 -9.531872123272036937e-03 -6.949770064092389288e-02
2.956083837432105579e-02 -1.672198003654848386e-02 -8.457275659910759580e-02
-4.282426620485895070e-03 -2.921935058275669517e-02 -6.856980539300269739e-02
1.887471987109518717e-02 3.967407588428962725e-03 -2.454280438155033786e-02
1.183021980880711449e-02 2.273146280302430072e-02 -2.082484822650785064e-02
1.353593701293435460e-02 2.900177469205282577e-02 -2.631484413558277460e-02
-2.062381544157543527e-03 4.354986509857941557e-02 -2.008192802886043724e-02
-4.492181285408475104e-03 3.837281111239712605e-02 -9.649317496564226507e-03
-8.958471982954512025e-04 3.904435017898585936e-02 -4.842637820881658985e-03
-1.429743944332064094e-02 4.463244401349473339e-02 -2.886892914029025661e-02
-2.889737797391822571e-02 4.707730211676708354e-02 -2.145887175871796088e-02
-3.039098059195746715e-02 4.465922809924476738e-02 -2.085804520219240385e-02
-2.357302567262881468e-02 3.447114922971369899e-02 1.297550403058408226e-03
-3.359779098598834890e-02 9.140580606406056158e-03 -6.015359654915400367e-02
5.053074780169931196e-02 -4.052239362572052084e-02 -2.837453236359193873e-02
5.029990961376405723e-02 -3.509694019979685969e-02 3.679511722463205126e-02
5.601255131570260365e-02 -4.086285503776895117e-02 8.351663017304400416e-02
7.637442687043161094e-02 -5.116420625179394360e-02 1.031075502354651674e-01
-2.913409364391545894e-02 -2.797947174097221296e-02 5.501112618967240325e-02
-1.899969680664070903e-02 4.426781465544736560e-02 2.913597406267934287e-02
-2.456550214521856235e-02 3.961995768065963014e-02 1.971597900554695332e-02
-2.742622191841558033e-02 3.687204616888659081e-02 2.656928583495870091e-02
-4.078214960453421106e-02 7.496640103752792543e-03 2.478770630428503430e-02
-8.877156675464836777e-02 3.162538221289160761e-02 -3.989506991518793066e-02
-1.677053522617723835e-01 -2.271732091683214411e-02 -5.085305287680453451e-02
-1.258586170330260601e-01 2.440790262175255784e-02 -5.964809129728396858e-02
-6.919872307918900622e-02 3.779313133061765195e-02 -1.387545043197566975e-02
-2.235200067984055572e-02 4.598077261502222374e-02 -3.380779016359820172e-02
1.636324942820513093e-02 4.559365990244853249e-03 -2.375622354577443945e-02
2.118310561527881816e-02 -1.282303788249338113e-02 -7.503997083318342254e-02
3.121904167429543839e-02 -1.584486988514574590e-02 -7.095309513620051689e-02
2.322948741851140614e-02 -1.633244659819607647e-02 -8.762481383319317696e-02
-3.290442665605736866e-02 -3.553531425267425492e-02 -9.403385812475725802e-02
3.156443036808847385e-02 -5.076754885254543270e-02 -4.159895437771583132e-02
4.622404223316592398e-02 -1.701043967228990997e-02 -5.333937611810981617e-03
5.018805034896701295e-02 -1.824504629759858901e-02 8.964977518252469427e-03
3.776452925578566849e-02 -7.025714782509881288e-03 5.093727394483469478e-02
-1.573971091469926475e-02 7.351981002865005943e-02 9.309756329977317280e-02
6.247756220579875255e-04 2.307087114915140624e-02 1.482493897018320184e-01
8.970366395866342327e-04 1.469808944135229251e-02 4.843950321506013124e-02
3.128481720664409455e-03 5.201342510069847241e-02 -2.347351761857747587e-04
6.915925740392111186e-03 1.034429163923726927e-02 -4.384357757947535822e-02
-8.061847664715619810e-03 -2.526765835666465454e-02 -7.321374169814630350e-02
1.541904522607702313e-03 -2.561521089424898326e-02 -8.040834470895041886e-02
7.098407625462055566e-03 -2.246707828025770390e-02 -9.198670321634391800e-02
5.056588070992888012e-02 -1.474034254515762220e-02 -6.192668253051629434e-02
-8.389414439409699151e-03 9.307963912709264764e-02 -1.059814521204593095e-02
-1.384799389252736566e-02 8.755442510556946112e-02 -1.340691307683375237e-02
-3.701643219264437457e-02 5.015645268287750869e-02 3.180439467556040400e-04
-4.558104335969904303e-02 3.088106062640884331e-02 -4.882650481260754870e-03
-4.875890928331240784e-03 7.715730665020434365e-02 3.188390649999940651e-02
5.278177201829403233e-03 7.998885332976202189e-02 3.976423494234681416e-02
5.744571394163501717e-03 4.726993580796666483e-02 2.916557090336059990e-02
-6.421078229272802335e-03 3.516323503250000371e-02 1.756066421124698185e-02
-2.789960859206129865e-02 5.368367293950665475e-02 1.041750066249987582e-02
-2.928513366065563922e-02 6.000014000011940490e-02 -1.891838177864903908e-02
-1.305617256030795238e-02 5.631732488991192387e-02 2.389408873039254935e-02
-1.785559274274003266e-02 5.414109478748523052e-02 1.660791222898757788e-02
-1.564199768655108805e-02 4.054453654734394702e-02 1.557491048885868874e-02
-3.043502025099045685e-03 3.063971291537307198e-02 2.318650240244588684e-02
1.018994109137319991e-02 2.439056064380396016e-02 -2.784897000969684989e-03
2.758258474943188487e-03 3.898486044994094180e-02 2.209894585069706666e-02
7.967420233279639327e-04 3.509590251102847475e-02 1.701376284405206954e-02
-1.944412289989034745e-02 6.144417519870043476e-02 1.108337910400795066e-02
-3.168697558548319582e-02 6.528798088810090772e-02 -3.096692393272331909e-02
-3.892222116378929453e-02 5.135202218575257715e-02 -2.946236137995920761e-03
-8.178837598498174544e-02 8.613494481725714191e-02 3.698819230816181858e-02
8.284226108001203903e-03 -1.138690891288387658e-01 1.770840541337026508e-01
3.654016114262799431e-02 -1.060250850545445545e-01 2.380559209066930582e-01

PC10 atom displacements (eigenvalue=1.6630729016476944) total=76.76633475931808:
8.305830193985740129e-02 1.115516871441971439e-02 -1.897110568726849134e-01
4.273602678315382292e-02 -5.175651242959525278e-02 3.605654088749099540e-02
2.195322062679461519e-02 -6.334922775236798143e-02 2.078540642652139392e-02
-2.918235177885090958e-02 -4.750525643733552461e-02 3.527583807617712397e-02
-3.144333910434452678e-02 -4.690491886120869841e-02 3.284690261168384667e-02
-1.410096556145131602e-02 -5.584394957024300943e-02 1.530094323978767714e-03
-2.220518382664293452e-02 -4.189264782389567898e-02 -2.596071071089711690e-02
-4.478972210018033334e-02 -8.914646446995425078e-03 -9.093691787831511067e-03
-5.185458861050929597e-02 -6.280927581492119598e-03 2.297617835484969465e-03
-3.616337109183803689e-02 -1.184377647331202703e-02 -2.816634787622526725e-02
-1.820435074487923924e-02 -1.909573241016082872e-03 -9.237214242924116081e-02
2.189325180755252731e-02 8.309867973518728079e-02 -1.169152100514938286e-01
7.772680077726835945e-02 1.248199317718348411e-01 -2.214171875682209301e-01
1.157736915043016956e-01 1.813078838200665455e-01 -1.398397331021280776e-01
9.662295320352616568e-02 1.535260558893214722e-01 -6.311925816188024285e-02
1.114794062484403270e-01 2.335899422041865514e-01 3.390890665507268614e-02
-1.607233125146852529e-02 1.447202128348499262e-01 2.002639162962632086e-02
-1.699655924318815847e-01 2.754103042261376449e-02 -1.044786481190104060e-01
-2.450057947883757872e-02 3.010493583921944154e-03 -1.906178167034403709e-02
-6.512164692566307228e-03 7.901742931118936955e-03 -3.063301677437393119e-03
-4.421458708712397434e-02 7.295107050300089768e-02 1.120422617295401685e-02
-1.295137794632719372e-02 -3.309145183148321651e-02 3.515066793676765999e-02
-3.040191682705541826e-02 -2.368725076915145430e-02 2.173471177016329803e-02
-2.449555858653364171e-02 -5.083867070917367365e-02 -5.525027030812991978e-04
-2.268661745694207019e-02 -4.271990066127396429e-02 1.567380968258816343e-02
-3.446119168414771283e-02 -2.895482886662230707e-02 -1.377872020556203218e-02
-3.868852520662115907e-02 6.935881501507390814e-03 9.455274650537803804e-03
-4.483265534478296510e-02 2.067927923199791920e-02 6.190154099276447969e-03
-2.182921135547821745e-02 -5.348379333159850729e-03 -2.637057509336303632e-02
-1.267341357566964706e-02 -3.136701632760630076e-02 -1.894197623584859339e-02
-2.737522118312075634e-02 -1.209268108435707090e-02 -1.628393336333228830e-02
-2.587333844104363484e-02 -8.301584615902621311e-03 -1.549155432340965262e-02
-3.818906199717923139e-02 -1.070363189936082227e-03 4.121147117667527116e-03
-4.890855256261145839e-02 7.296365491166838940e-03 1.910710750924850265e-02
-3.643391161190828037e-02 1.258003212697480881e-02 2.113419972974519417e-02
-3.323131166342002674e-02 1.800076656427454513e-02 7.697936485470735501e-03
-4.375628312120920238e-02 -1.218753037213003362e-02 -4.557889214917217741e-02
-1.487623767727475239e-02 1.095794583865483847e-02 -8.985839677366348754e-02
8.440782486591169587e-02 -6.852201067062041288e-03 -2.872709299561891985e-02
8.971470228330100105e-02 -1.918952260259473852e-02 -2.404631242446489750e-02
7.577898489021700490e-02 -1.457459760441537702e-02 -5.235896806968828171e-02
4.443168605993504799e-02 -2.375191975860195537e-02 -6.468482059412414276e-02
2.406883894939390936e-02 -7.429059124997749140e-03 -1.024709973847455144e-02
2.631016812015916223e-02 -1.022066920476498962e-02 -3.953800862384281023e-02
9.094085170942822413e-03 -5.552271681488000696e-03 -6.894943181586309089e-02
-1.117765739645335162e-02 1.384526199011410288e-02 -4.606030702508950858e-02
2.886584922640916817e-02 5.286361109403864278e-03 -8.731585868709848541e-02
6.523329916719285138e-02 1.308688070901462865e-02 -9.026255274885246899e-03
8.341567587043127729e-02 2.963565058084410495e-02 5.460765394764750119e-02
1.506767727902030285e-01 8.662337364267182205e-02 5.129032521973551917e-02
8.235340873564356290e-02 8.224983919974725166e-02 -9.809810911109830348e-03
6.631571342106853950e-02 5.312770854174860002e-02 -3.067148697094689708e-02
1.293218791248100172e-02 7.319507429439608970e-02 -6.134555594140037732e-02
1.411975246886245511e-02 8.338355095046527665e-02 -5.530648243195404601e-02
8.132917841157012023e-03 8.297372265541809455e-02 -3.132039444866874245e-02
1.354576994222387969e-02 6.615187822659085448e-02 -2.645948926898386566e-02
3.079141371763976717e-02 8.030275409513959461e-02 3.457662379014724008e-02
1.423670197912134915e-02 3.225276967253411231e-02 4.760649178215289185e-02
-7.633542393945461080e-02 3.658013542886025954e-02 2.271105328014322647e-02
-1.736112520814701299e-01 -2.171061489834085964e-02 2.397673398660457589e-02
-1.997948762695455072e-01 -3.348744664344507904e-02 1.845789877592233716e-02
-1.417962764722833779e-01 -6.712061027566114391e-02 3.943450092687129233e-02
-1.085210016669275607e-01 -1.754902958086788922e-02 2.395529996291301603e-02
-9.162003736312918090e-02 9.673032367620872356e-04 2.992724481362993294e-02
-4.033947641143488527e-02 2.354022153846628204e-02 6.853248446606283184e-02
-3.736665157588186376e-02 -1.534128722174288523e-03 4.904132902142836065e-02
-3.933046594812319302e-02 -2.684814796544334609e-03 5.341445661820867080e-02
-4.158231083015902219e-02 -3.256994886827443980e-02 2.223342184369464861e-02
-4.053868643429304336e-02 -3.100872918371688769e-02 2.861449639941840081e-02
-1.336705630069976586e-02 -3.634304190168371335e-02 1.779366628594998209e-02
-1.767701473654440317e-03 -5.122560832147538684e-02 2.664362238989923665e-02
-1.427417113444497338e-03 -5.942385795813855121e-02 5.112885782326758236e-03
1.022794149632248392e-02 -7.637304419527428390e-02 -6.754186113945499434e-03
4.414481169825460599e-03 -6.542589152536348873e-02 -2.160521565855857626e-02
2.435149886396618599e-03 -6.382966130636344437e-02 -9.192940248288721319e-03
7.138800611476737133e-03 -7.015974970023065860e-02 1.319963705866394714e-02
4.794347388472099125e-03 -4.772684782887693516e-02 3.624944573243321644e-02
3.565500619720281695e-03 -3.604123856619054905e-02 6.195265148370120850e-02
1.168551934247320789e-02 -2.027949811578831640e-02 8.505047983574351433e-02
-8.941995846054918290e-03 1.230977565397691452e-02 1.251449966248338597e-01
-2.580238550067550166e-02 3.102851965192938381e-03 1.003271599061583141e-01
-3.935727800115885328e-02 -7.380038199140451227e-02 7.691946561108670144e-02
-7.510236503400022356e-02 -9.243002674280159647e-02 4.930609668077417379e-02
-5.043375237463210148e-02 -8.239110247978523316e-02 4.767952855335528400e-02
-3.547295560432274508e-02 -3.866487531722066079e-02 4.843409893676060840e-02
2.799167140079407770e-02 2.376843392601174151e-02 5.847740452041266801e-02
4.792995949802107691e-02 6.291688063368683359e-02 3.317439955633639387e-02
4.934658197212948155e-02 2.535886663949477732e-02 1.975333419558767539e-02
3.193501853261994372e-02 2.078692473289907305e-02 -1.375993234553401882e-02
4.532200736634863641e-02 9.166277509927631822e-03 -4.515735437150491041e-03
4.465998765990926433e-02 -2.517598677347791108e-02 1.486669154682361202e-02
5.028030292922533451e-02 -3.581803040049439529e-02 -6.488387529827130060e-03
6.511667551557512312e-02 -2.408630530091821279e-02 2.395741807632224482e-02
6.202816305372914341e-02 -2.605144550171087023e-02 2.060345511625480408e-02
3.564033818430666078e-02 -6.096696062079300441e-03 -1.163520466302301161e-03
3.027742740565118537e-02 -3.914287456468288316e-03 8.057963239156444232e-03
3.392519353710331947e-02 -1.192628433437766672e-02 -1.179794903439521266e-02
3.258596435552135046e-02 -2.805425303955987396e-02 -7.588457587920043219e-03
2.417798160170598482e-02 1.157683036478726959e-02 -3.874692303553399497e-02
2.666384571354451366e-02 7.838915027611364703e-03 -2.805830122657974532e-02
1.623829932661418826e-02 -9.242093670811026354e-03 -7.651541312533579296e-03
-2.296342702587775286e-02 -7.268054531937640558e-04 2.220032871009882530e-02
5.390494093558342165e-02 -1.059351458308477878e-01 1.083383751264939548e-01
7.956836006170003861e-02 -8.786197671400472475e-02 1.374259494904414014e-01

