PC1 atom displacements (eigenvalue=20.10206575493106) total=76.81069702492918:
7.948365086749353131e-03 2.402381521118295699e-02 -6.005610094225480311e-02
-3.545144405678202909e-03 1.987181950644804213e-02 7.142606254311072329e-03
-1.110890147142713259e-02 1.433816392873017188e-02 2.860920861445076166e-02
-2.241693322730600388e-02 -4.300467788447001789e-03 3.453864935026314253e-02
-2.168945939337411921e-02 -1.330825513349466992e-02 8.260322341408301433e-03
-1.730386214231020500e-02 -6.157817512356407626e-03 5.337988033597500757e-03
-2.882586071100859751e-02 -1.643681825344489936e-02 2.366633819541087355e-02
-4.422259656646637671e-02 -4.031753229671557193e-02 1.266605824110394671e-02
-3.356057478436588054e-02 -4.028179190945976179e-02 -1.735722839443443535e-02
-2.565827137873683342e-02 -3.780335034679457862e-02 -2.780949291609955201e-02
-4.803161932233163123e-02 -4.269622734023062471e-02 1.100496168075527741e-02
-7.354825747373103240e-02 -6.253387622081367503e-02 9.455613345538980974e-03
-2.842092861240828536e-02 -6.540844901261347322e-02 2.238471643684340762e-02
-6.028005234853443806e-02 -1.136785521903031261e-02 -2.319801821300667907e-02
-5.201535242013956284e-02 -5.383329743473225931e-02 -4.414884373045432908e-02
-1.401049438187350511e-02 -7.465215004725300751e-02 -5.069103902153030555e-02
8.434061573244837351e-02 -1.322418642565573697e-02 -3.194047710427323772e-02
1.827650873119335273e-01 4.257164608882051116e-02 3.185801086909436503e-02
9.848549901890053804e-02 4.448518844609099937e-02 6.492416359301064581e-03
1.015899164564245949e-01 1.483973095086965968e-02 -1.272018028739082401e-02
1.529746354398143215e-01 -5.079175140744714850e-02 -2.416451583000904860e-02
1.166358046891014660e-01 -5.751910382214309864e-02 -4.272989120679052122e-02
4.386848236535909051e-02 -3.595532708702767893e-02 -6.236144133541580981e-02
4.685229566315420036e-02 -9.235533351854829931e-02 -9.590559528523374955e-02
7.024192843466123271e-02 -1.390078216896750152e-01 -1.166307686082086598e-01
2.343176660983145240e-02 -1.676688659493595912e-01 -1.675034077578113068e-01
-3.227291925346185172e-04 -1.094084530749720868e-01 -1.334268623084897687e-01
-7.296764075617908490e-03 -1.029083401844750612e-01 -1.179338331828203301e-01
1.069323574584687790e-02 -1.275614084993800523e-01 -1.504812306084464812e-01
-2.213002049420201636e-02 -3.113611859237625651e-02 -7.232504342645383610e-02
-9.892626032395827884e-02 -3.776624385037176401e-02 -6.133417519768856463e-02
-1.319955892061101810e-01 5.566699053161094056e-03 2.090163193477018871e-02
-1.114079829469729194e-01 4.709601089376220726e-03 1.103265282607764769e-02
-7.140467063372957224e-02 -2.047661435479570732e-02 -2.334270333596189309e-02
-5.052912137869065151e-02 -1.588627310042803678e-02 -3.065332920080421353e-02
-1.300480297509623052e-02 -1.734355584515076890e-02 -6.594601155703552764e-02
-9.922916870438683312e-03 -9.143896557207344816e-03 -5.315481155084299247e-02
-2.557873508796529999e-02 -2.015606598567043842e-02 -3.553238032032240978e-02
-6.183541896086884593e-02 1.350090851611904404e-02 -3.523569246012874662e-02
-6.207148894568595421e-02 2.047367215627494963e-02 1.576459465929429607e-02
-4.695407224723072148e-02 1.638269755562480820e-02 4.804236847695164681e-02
-2.344415607799510415e-02 2.528373198733287544e-02 5.889772220020625393e-02
-1.305746383812502603e-02 1.649359561780107397e-02 2.702581951205193164e-02
-7.116006924374041961e-03 1.743382107851542892e-02 3.393205523936168588e-02
9.648765201435565179e-04 2.383247694642348646e-02 4.698975407654935182e-02
4.099457325583759533e-03 2.165746498987630372e-02 4.396308054602771076e-02
-4.058159137248569699e-03 1.743586870539807002e-02 6.541049417141654720e-02
-6.754128053044072474e-03 3.256672631434549825e-02 3.981128678715802754e-02
-2.381260346389245039e-02 3.422192647167576762e-02 2.447921908779164546e-02
8.955472825661120115e-03 2.582388645482048065e-02 3.427146951502938604e-02
5.295474348266256820e-02 2.281427190062149460e-02 6.065078927791001107e-02
7.211479569238438136e-02 4.929543138665867796e-02 9.439496889936691004e-02
1.139661146051086371e-01 3.372683386576492970e-02 7.414635451435060143e-02
5.885239518390182611e-02 3.415585031177679337e-02 3.550156701951261845e-02
6.188974049523616322e-02 2.842796891872842804e-02 1.493051481264731986e-02
5.127480557456286919e-02 9.697096448655819628e-03 -8.539780035753811657e-03
3.987281913693575125e-02 7.079549808972494980e-04 -1.094458011532424731e-02
1.874694382444012583e-02 -2.910651084924606100e-02 -2.992090092634193052e-02
-2.830390810645581554e-02 -2.420841174381500177e-02 -4.450819020206908672e-02
-5.356881123421559920e-02 -5.283717024986509664e-02 -6.333015636605024423e-02
-9.414467006069041077e-02 -4.824010345945496658e-02 -7.743959147338685955e-02
-6.129478290237052457e-02 -5.548315125805446113e-02 -5.859864336654089373e-02
-3.005344609215007678e-02 -2.895950616612871092e-02 -7.135705735994350707e-02
-6.334607205718031063e-03 -4.007453963691145343e-03 -5.912348413203414449e-02
-2.315299929587835703e-02 -2.940123827618609277e-03 -4.112286127137093628e-02
7.454090703886586192e-03 3.747568031801049721e-02 -1.035277531768585835e-02
-8.634973540339339892e-03 3.399970426380295035e-02 3.266615709276157742e-02
-1.746583897604616839e-03 5.128698045186096816e-02 4.651529010264841141e-02
-6.450681872565013075e-02 6.873181638593783838e-02 8.338818404131570494e-02
-6.268818666094218284e-02 7.484505316955403220e-02 9.083893322329569808e-02
-5.286703229577754265e-02 1.282433899322784343e-01 1.559747357962577297e-01
-9.071308994644003421e-02 1.441307165756561259e-01 1.900084083707027638e-01
-2.889161797017105945e-02 1.157346260834065249e-01 1.383115843960915914e-01
-4.378740920664957875e-02 5.569345398935490743e-02 7.297560058729656018e-02
4.620682499032339845e-03 3.317338062385190994e-02 1.922583323147876097e-02
5.000407076646748439e-02 8.385131690968122831e-02 7.442142865027884246e-02
4.036957327319710964e-02 9.369012219208257275e-02 8.802412284196901859e-02
4.571156268803849843e-02 1.337770700590818762e-01 1.346502005800791213e-01
4.689076183514231944e-02 1.055338926673958372e-01 7.546997953002558546e-02
1.320989311587067623e-02 6.072097527502442332e-02 7.273167670015429076e-02
3.585812060658014055e-03 4.193803117368123667e-02 2.067995315714010046e-02
-5.181245892006202530e-03 -2.172361708760873686e-02 -7.204540806759927689e-03
-1.836927459997518206e-02 -5.200634603102092385e-02 -3.860214702777782503e-02
-1.748712012834616192e-02 -6.384024936711321652e-02 -3.333996014558297805e-02
-1.988653679934264742e-02 -5.428582476798542861e-02 -3.796510543597587939e-02
6.917962068664644006e-03 -2.911578880060162328e-02 -3.162764686098364780e-02
3.199065798842044145e-02 -1.031544146768491842e-02 -2.587269672957804786e-02
2.976393364102201955e-02 -3.323705789916117041e-03 -9.670891206925118569e-03
3.988664977178850435e-02 9.041522516709931540e-03 3.453723771931413878e-03
1.451471097565680719e-02 3.907105414665106025e-02 1.527028004800133100e-02
1.746303229413446317e-02 6.764985487412052134e-02 1.017461911189361003e-02
8.001865259707576991e-03 8.371916906504885125e-02 3.126002577782163727e-02
1.610779914100426329e-03 7.826642913029718818e-02 6.614949062980440830e-02
-1.005935903490854516e-02 3.828505038050548231e-02 4.821166810118374807e-02
-6.364332985904284749e-03 2.010835580742770939e-02 2.022761793698907989e-02
7.564882583070326599e-03 2.955245194285791022e-02 2.938964417742896337e-02
1.635695677275394652e-02 1.009507931045633758e-02 3.547889762652049837e-03
1.087956200313129444e-02 -7.291315625003701173e-03 -9.317510021245031110e-03
2.933476755977985906e-02 -1.082708243151411440e-02 -2.440562465663265873e-02
2.125991759848517779e-02 -2.245042354406111620e-02 -3.885545770374333741e-02
7.253199895206596456e-03 -2.955401389025391623e-02 -6.800237355097209224e-02
-2.914244421902925219e-03 -4.974854055979649470e-02 -6.982799574250289631e-02
4.936792163470125200e-02 -7.960742307817687824e-02 -3.809473343025244346e-02
7.967940986233712497e-02 -5.567466753906100130e-02 -1.052249227821257412e-02

PC2 atom displacements (eigenvalue=8.946171826911144) total=76.81069702492918:
-8.667979456894828183e-02 -8.761716007744545232e-02 -1.368229158182015029e-02
-4.546338133608156945e-02 -8.515041296856064312e-02 -4.123002447975153417e-02
-1.641411107834212652e-02 -7.254605469465794099e-02 -2.881937145818995460e-02
-1.153678574795537898e-02 -9.687761585359026817e-02 -2.683051698466231913e-02
-3.439759053366611696e-02 -8.857926318835565582e-02 -3.943081587655489217e-02
-2.745466545230022121e-02 -6.512097405978271858e-02 -3.807887664058736549e-02
-1.161374222578588286e-02 -7.097816601352768817e-02 -2.797872037122191291e-02
-2.241197014617221303e-02 -7.311379992463043487e-02 -2.892296427367924486e-02
-2.496701946561245833e-02 -6.828509469768195839e-02 -3.211409601160445521e-02
-2.587068298328572269e-02 -5.521794599341201676e-02 -1.547180105915561474e-02
-1.248102865446137563e-02 -5.788889649841442303e-02 -1.039771403316457760e-02
-2.766654474153061941e-02 -7.585780675376582738e-02 -1.043229902484862741e-02
-2.736728939662158577e-02 -7.890071433932356604e-02 -5.894511906334833420e-03
-4.292642865810047254e-02 -5.303206549977259460e-02 -4.415147312329192192e-02
-4.630603755876973315e-02 -1.120969706560493231e-02 -5.006714681046070536e-02
-7.678569200317454657e-02 -4.626980632736854386e-03 -5.381365938769804708e-02
-5.369655719120215720e-02 1.480915664195536774e-02 -5.133775284998737254e-02
-5.097095259322707850e-02 3.294042496701187622e-02 -3.525035340269318251e-02
-1.500425653119781891e-02 2.141436452627813042e-02 -4.971597641077550762e-03
2.565352652388970534e-02 6.334867644466009307e-02 1.394395352299115584e-02
2.869867210637699027e-03 1.131300438690289317e-01 -2.499387757175438804e-02
-1.148463791938402791e-02 6.851732402287298573e-02 -3.327338305512177186e-02
-9.252016158743841048e-04 4.187719668357151037e-02 1.942728117703079044e-02
-1.008292091339815441e-02 9.213789588249587936e-02 5.763109352768151089e-02
-1.133313751404717469e-02 8.637106517832769670e-02 4.016911136633673912e-02
1.142071238410963425e-03 6.047252839860759593e-02 8.301439301902376056e-02
3.248685054160049129e-03 4.407662820397284520e-03 5.280911106532858168e-02
1.987630658795222494e-02 -2.855148360882339698e-02 6.272079208584280252e-02
2.665215277883151851e-02 1.820370432215955014e-02 1.239390177249520691e-01
1.875288423918642505e-02 4.074347688624963687e-02 1.314358320160697591e-01
2.189696239983314474e-02 -1.456461115085595781e-02 1.313185547364877082e-01
2.459462850364216996e-02 -4.198280080976770495e-02 1.317773683625518555e-01
6.804031786705829268e-03 -7.148334861367867943e-02 7.437485939754344411e-02
-1.702080663237776070e-02 -7.309405327929222040e-02 8.383123965360587612e-03
-2.333410184198192461e-02 -8.616302622426456892e-02 -1.667421787332219740e-02
-3.565052367323370830e-02 -7.869875052597184728e-02 -2.502267540234026297e-02
-3.330969755864310322e-02 -6.721391665612988509e-02 -6.644414062812172526e-03
-1.647760845677581285e-02 -6.548864196011250360e-02 -7.593405146547277038e-03
4.502917816902868992e-02 -7.693737546871259880e-02 4.176210689375134399e-02
5.016760263130696368e-02 -8.474623337618612806e-02 5.839692479373081307e-02
5.788884429980453022e-02 -5.936353659191318660e-02 4.399839641404452995e-02
6.694727650549146813e-02 -2.393737851406475825e-02 7.208512200765125610e-02
7.229578488688055693e-02 -4.333333656508290416e-03 5.641559058962664769e-02
5.867250925236436321e-02 -8.046803439653823706e-03 1.309175640453151893e-02
6.624296789887477999e-02 4.951910920141987249e-03 2.420047187147550405e-02
7.147255325521445490e-02 3.675682130490588034e-02 4.672309836772405023e-02
4.155401000061510058e-02 5.719875585390497841e-02 5.207011312268727127e-02
2.343093145045832201e-02 6.024033540826675970e-02 -9.855888587335236584e-04
1.173514965747640866e-02 7.075097831715984609e-02 3.661114982126671257e-03
6.934116417812186128e-02 8.795544913725406033e-02 9.082992477037392029e-03
1.758212540393144785e-02 8.304963065151374502e-02 -7.415873906455944069e-03
1.116041695794343924e-02 7.661652472681682036e-02 -3.037595806726096220e-02
-2.242976360989139013e-03 8.344667505874509006e-02 -6.324775202087536130e-02
-8.299182681475935144e-03 6.308104609656463302e-02 -8.324738804920976676e-02
-5.316623001869746901e-03 9.437221191649344809e-02 -7.828601165317000676e-02
-6.911683521893570957e-03 8.145292998704369014e-02 -8.350692626492661752e-02
2.587103887589415046e-03 8.766174486593136805e-02 -5.598354950630837074e-02
9.509166151785004156e-03 9.113136655719829282e-02 -4.588846696630004274e-02
3.594524492970518903e-02 6.909151027078794249e-02 5.902766161213641657e-03
8.302792219958250730e-02 1.147456914570758879e-01 2.995766918734986059e-02
5.869537423076327809e-02 6.819563973969886006e-02 4.744981518370605666e-02
2.954121618109500913e-02 3.728263918015562589e-02 1.219514195472034754e-02
7.560709705142168273e-03 -2.340407572140942860e-02 1.867566906181664446e-02
-1.986322608285819372e-02 -5.492156174635965532e-02 3.391143273385088548e-03
-3.831265230974910396e-02 -6.987177648038378486e-02 -3.436390035109795904e-02
-3.924070094040977424e-02 -8.420648107748085476e-02 -4.293403677599542945e-02
-2.572796293491182162e-02 -8.500486936801486537e-02 -1.739253395692642867e-02
-2.034797596248656693e-02 -5.337699275448958003e-02 1.044456803282102150e-02
3.397031298664346301e-03 -6.974491486907784255e-02 6.568620322480997475e-02
2.347588092241584962e-02 -2.978464231602964349e-02 1.127972194928838767e-01
3.394680689892110720e-02 -2.840111189962398960e-02 1.336375095168750582e-01
6.008603871844973160e-02 -1.863012263765570845e-02 1.959330650546270702e-01
4.052446017897293890e-02 5.608243032354977980e-02 2.059887888277757706e-01
4.229810108896433357e-02 5.676172795964767176e-02 2.135189886123435854e-01
2.017660624516420115e-02 6.976933894900502753e-02 1.483039520028786584e-01
7.009266226814225495e-03 6.981908479437955173e-02 1.095101675965574339e-01
-8.219416056845139928e-03 1.305293688353255030e-02 6.167068696522594318e-02
-2.253678832130221257e-02 -3.391071952688876762e-02 1.981060420299712160e-02
-3.405506234175429553e-02 -5.240649245045893301e-02 -2.050122815469239065e-02
-3.170396309815810831e-02 -8.258390290995630545e-02 -3.805344040472572603e-02
-3.613505445582709807e-02 -8.569595274851364575e-02 -4.972384627799255469e-02
-2.362432237498765172e-02 -7.023824221053444339e-02 -4.737307282684016796e-02
-1.424167695168578052e-02 -3.817325308150941454e-02 -1.929263924950164535e-02
-9.074043322584443919e-03 1.824050429894745473e-02 -4.699239691460140728e-02
4.560543228178879673e-03 4.151181421345257611e-02 -3.861742856188454809e-02
-1.520099491507082186e-02 1.946009856734105120e-02 -5.964544576200064147e-02
-1.609499292274230511e-02 3.364830820741598894e-02 -7.746964670615964776e-02
-1.705501323150538165e-02 3.230409725640458890e-02 -6.827165953537429888e-02
-1.596538980845092076e-02 4.028683558567012352e-02 -7.285151257927255375e-02
-2.443756278716235474e-03 3.515107733848902433e-02 -4.801236982057140862e-02
-4.327302388296041906e-03 8.682361131369564083e-03 -4.118682001670861959e-02
1.812159453937904272e-02 -3.116025162728221654e-03 -1.287734479640017041e-02
3.634885427930133195e-02 7.464614055778594041e-03 4.729334783637869841e-03
1.993932631972347713e-02 -1.915007020840876154e-03 -9.483573644218796714e-03
5.312041676333674814e-03 1.957494470695562983e-03 -3.258493222428422709e-02
-1.791367647156545326e-02 -2.117002623610335019e-02 -6.474416378771979952e-02
-3.132634354627216594e-02 -7.968399339452416838e-03 -8.168895794660911702e-02
-2.883745025816546875e-02 1.183461134249376608e-03 -7.525491666365333177e-02
-1.857481860541763605e-02 1.815688029643686835e-02 -1.030225827212547102e-01
-1.732393105167284036e-02 9.536577239130726580e-03 -9.295339354916318242e-02
-1.706045029146848954e-02 6.554673253143513539e-03 -7.772783559802379227e-02
1.010605466088932564e-02 3.886090997903791228e-02 -8.208870282715122202e-02
7.500301965880761673e-04 1.135014794014847228e-01 -1.230093794149619418e-01
-3.203901358988119931e-04 1.257904003075341060e-01 -1.519022914110596811e-01

PC3 atom displacements (eigenvalue=5.559747441530804) total=76.81069702492918:
-4.756472383980431262e-02 -7.566376569727147061e-03 1.230899969497325636e-01
-3.625145677694156104e-02 5.538740494143627551e-05 5.161121360198633184e-02
-2.643613851289899896e-02 5.974372599841396535e-03 3.451784416649983367e-02
-3.604153930989588417e-02 2.164075878694459928e-02 3.571820927913081645e-02
-4.317541448021885997e-02 2.831399064940859356e-02 4.169796788077623911e-02
-3.853003022313904180e-02 2.051888180645720233e-02 2.803221059047983701e-02
-4.134243659508780866e-02 3.580521111286237568e-02 7.357422570169211504e-04
-6.111083585643341254e-02 6.748456719758974542e-02 1.683304773068979715e-02
-4.938785211861396879e-02 5.446187071418064768e-02 2.102193935506880759e-02
-4.856907111729628912e-02 4.990736924254327023e-02 1.410699830961232616e-02
-3.214989655134228158e-02 5.480770647593478928e-02 -1.883129671726556723e-02
-4.402561050264646586e-02 6.617273132860582163e-02 -2.914037512482078526e-02
-8.335318505684809198e-02 7.510460486794316715e-02 -5.123317626924300816e-02
-8.907667871173166607e-02 5.741897697677761370e-02 -6.653514805584420655e-02
-8.145272201641684529e-02 -2.442983621757587043e-02 -3.817724505094156895e-02
-1.421521456706559099e-02 -4.097457455888417824e-03 -1.049637833176519236e-02
-1.170590602919535650e-02 -1.728865668748677965e-03 -1.090962227704875623e-02
2.305386018471343793e-02 -9.310759354840257920e-03 -1.596602800795805799e-02
3.827630906330575095e-02 -7.953928317455977171e-03 -1.488460917100810528e-02
6.069975871425201813e-02 -1.258630002460855296e-02 -2.103986118630076993e-02
4.967418901928360303e-02 -2.355336602505689412e-03 -1.405942784738974452e-02
4.912722404689263273e-02 -2.404948834414138981e-03 -1.216517700294657625e-02
5.021465443677561313e-02 1.019828749317727885e-02 -4.116662854981628650e-02
7.326754050913705796e-02 -2.148408064919712229e-02 -7.243677635732825859e-02
6.643291671286621902e-02 -8.780019678793951621e-03 -7.297956796076220110e-02
5.669789295889499786e-02 1.678164222330513072e-02 -1.110332857911284499e-01
3.189863745077723550e-02 5.020912805144124580e-02 -8.817393829008023098e-02
3.531662119622076129e-02 3.989866704286216398e-02 -8.169169213084227776e-02
8.383468861194376398e-02 6.597760476845270991e-03 -1.332420651737139805e-01
7.626607184224898361e-02 2.585697280816566176e-02 -8.492722373345798492e-02
3.779443736980218904e-02 1.478838204597439539e-02 -7.942482743626159969e-02
2.892230776163226547e-02 6.901981380597214076e-03 -5.159200064789168372e-02
1.197813240349600728e-03 1.162189615126744784e-02 -3.199588134689316382e-02
-2.049396773984249812e-02 2.392613612440884496e-02 -2.084316223913645905e-02
-4.170716533848435603e-02 2.297969645365763661e-02 -6.685752746068383823e-03
-5.685826487921318700e-02 2.398601938622783175e-02 6.772441447109919972e-03
-6.408731771611436701e-02 2.027331271695790790e-02 3.433148387286677136e-03
-6.742669409157424354e-02 2.718606284633776765e-02 -1.259584718846711894e-02
-1.092200972649347290e-02 -7.173070449792241570e-04 1.804388802689255167e-02
-1.332219488579345149e-02 7.620984138131966720e-03 1.743582536535021087e-03
-6.748112001071584348e-03 3.944768268390329465e-03 1.573005393483394368e-02
3.529825767012276932e-02 -3.220247600398713252e-03 1.802865448455592129e-02
5.089716371442897652e-02 1.733281471010281877e-02 -2.872934177395850344e-02
2.683070795748630430e-02 1.818765193528072005e-02 -3.212105063689721374e-02
5.285779375572610683e-02 -1.308829533883939947e-03 1.372726560518264943e-02
9.573166293015564210e-02 1.679561354141235205e-03 -4.318285630954583551e-03
5.153032091238857887e-02 2.085496028529863766e-02 1.829918492608404237e-02
2.871882388247966322e-02 -2.032663105247393964e-02 6.482417780037405194e-03
4.619772657487871553e-02 -5.571479147463289511e-02 -7.061171108216444947e-02
2.550731282873238137e-01 -1.576835044806909891e-01 -3.789312150540704444e-02
1.545482331127153164e-01 -1.678780396596557534e-01 7.735556969196488719e-02
1.530624042058380541e-01 -2.124555637893395521e-01 1.473017170520248553e-01
1.130930693480410865e-01 -2.075226238365723008e-01 1.541965351858666233e-01
-4.147567041401457877e-02 -1.549872169498257291e-01 1.039912274335555581e-01
-2.262912840573479134e-02 -3.500565388705131203e-02 5.078994217173683073e-02
-4.927847595915661044e-02 2.105101603660606766e-02 1.903698395107810901e-02
-1.075796920618273325e-02 4.842985182117595655e-02 1.477499619971989198e-02
-8.301628237050820078e-03 7.322194595474024181e-02 -7.258048351053016751e-04
-6.562574085602301778e-04 6.264598457815144517e-02 2.548070347711835909e-02
2.780613772630013622e-02 9.126653395556021120e-02 4.051338886870243378e-02
1.153318062061003610e-02 6.295693542328578696e-02 5.024530066133059414e-02
-2.362933755339722414e-02 5.712621133740600210e-02 2.280907328929518765e-02
-4.855746883521808166e-02 1.849241417311169380e-02 3.240351226594825190e-02
-7.215321831118244600e-02 -2.330928932956471966e-03 2.047013490644180797e-02
-7.630115448786212173e-02 -9.931975563012680752e-03 3.707496250937833242e-03
-5.895600313616611299e-02 -9.608977893762157482e-03 4.914273195747216431e-03
-3.385135566025710557e-02 -9.527012253621238227e-03 1.985112844780147125e-03
-5.275670528174842069e-03 -1.114707983517073363e-02 -7.554710051510562380e-03
1.433613353725430965e-02 -1.945408953024703805e-02 -9.634809391392825523e-03
6.043366986902177357e-02 -2.096250699012173341e-02 -1.537435784157214873e-02
8.888672447541595689e-02 -5.267956455659669746e-02 8.393495493307001967e-03
1.271852148877465061e-01 -6.083538348158441106e-02 1.424345678198351596e-02
1.329561178034431024e-01 -2.807796434958004586e-02 1.087135143748800027e-02
1.261057222799558397e-01 -9.208963726252033036e-03 -1.358987055437128715e-02
1.008816833367883609e-01 6.050315586551325425e-03 -3.944129919493766928e-02
9.645917813151051734e-02 -1.290505783358398238e-02 -1.799348631557198472e-02
5.646469023205079318e-02 -2.559809866819433982e-02 -1.177627937170859854e-02
3.031099090108052910e-02 -4.411313101135273113e-02 1.091745367440565169e-02
-2.854479957044080314e-03 -3.971373881708695208e-02 1.179866263374592522e-02
-3.333396998984760468e-02 -4.381542664827374478e-02 2.377758775100865390e-02
-6.626925470603087232e-02 -4.837131278296230574e-02 -1.573217828407193772e-03
-5.729450648076767072e-02 -6.328193958681802012e-02 -1.397347412185639265e-02
-6.388700613845305076e-02 -2.729855599008811778e-02 9.073878627198026653e-03
-5.453320504704387700e-02 4.098801214409273502e-02 -2.473647687693696431e-02
-3.546361749953678977e-02 6.297638196201427174e-02 -1.126867330141403598e-02
-5.535386969541996466e-02 4.332534288632072100e-02 -1.286579489772358455e-02
-6.043057147449206606e-02 3.627799514158362715e-02 -9.493632841047131357e-03
-6.232687146602777783e-02 2.477141780558581724e-02 1.433558923346407721e-02
-6.108168144946185540e-02 1.236130745718806148e-03 3.402794342642484482e-02
-3.603065384565828921e-02 -2.615068392246196194e-02 3.991906842445876180e-02
-4.088200462996652990e-02 -7.528303410717732125e-02 5.395933174679420213e-02
6.050211688052644157e-03 -1.101174047140800610e-01 9.705838517035646207e-02
3.051063647782598781e-02 -8.606737095815750194e-02 2.431477722474069403e-02
4.193365328390839808e-03 -3.977783680386393073e-02 2.131950422177282534e-02
-1.931102805865667071e-02 -1.010726890450834581e-02 3.069814817879996244e-02
-6.107172899643349695e-02 -2.680305937616302148e-02 3.240791886387309195e-02
-8.188199459756115295e-02 4.859270856310436357e-04 3.249155330922350038e-02
-8.125064015510215232e-02 2.869483654678276971e-02 1.465176714361867381e-02
-7.443849577629123304e-02 3.440412606568852422e-02 5.185305003367750602e-04
-7.612983344199662772e-02 4.028824098265891551e-02 -9.600722784391299211e-03
-6.934609432479897639e-02 4.686342236501366693e-02 -5.266882623651318596e-03
-3.161335790604392210e-02 6.833758716923818421e-02 -2.334137130173340527e-02
-4.345566231328242685e-02 1.321962217142747253e-01 -6.027324445385119633e-02
-5.460956750111916475e-02 1.221067332455357535e-01 -6.999556247580204782e-02

PC4 atom displacements (eigenvalue=3.5765463773102684) total=76.81069702492918:
6.403244103836917833e-02 -4.607534125788341484e-03 7.915420836323877607e-02
4.404115955610989064e-02 -3.062491123804123375e-02 1.081990917506351069e-01
3.553850952327611279e-02 -3.267103321359950130e-02 6.648990752703554108e-02
1.459005884851250628e-02 -1.197175163956861951e-03 6.911434399172720899e-02
5.271466003506475317e-03 1.094227997203243812e-02 8.724741977458498610e-02
1.487100614206593105e-02 3.069765198242044215e-03 6.694226036146078140e-02
1.453387804376150491e-02 1.306720987662555143e-02 4.918005168722528603e-02
-1.943416915640096623e-02 2.757599716759420727e-02 5.805212832136125156e-02
-2.133216670682399133e-02 3.582222424802859045e-02 4.107203440921083915e-02
-1.484138823567546922e-02 4.078037169926294891e-02 3.657627841490797976e-02
-3.569781472971450542e-02 3.912921802932615295e-02 4.938477219516473199e-02
-7.600495777819409049e-02 5.941475305214967417e-02 2.000456053413141033e-02
-1.090013606401210866e-01 7.581340782467800576e-02 -1.506606741859394666e-02
-1.681325400049926699e-01 1.452893317368900983e-01 -1.398108902570626699e-01
-1.812800807724285757e-01 1.110645886421834511e-01 -1.201502580053865205e-01
-3.457262958344037990e-02 -7.796770572506187165e-03 -1.981298631375673636e-01
-2.720917208988005934e-03 1.986466932864916490e-02 -8.329678064681378391e-02
1.528125369850913233e-02 3.861535763435965107e-02 -4.922307397771072401e-02
4.000703793392303143e-02 2.584706092661701385e-02 -3.571312657800004148e-02
9.092801475081174756e-02 3.578420173400673199e-02 -3.214899621116547312e-02
7.888487173198363567e-02 7.014164270536485390e-02 -4.369998448679679459e-02
6.791268199249604620e-02 1.193788792337356804e-02 -5.022831352672007393e-02
3.921543367296753679e-02 1.451613783165559175e-02 -5.544604691392569784e-02
3.318229062930588141e-02 -1.527107715080848298e-02 -6.405763672510257634e-02
4.877868732922396866e-02 -3.653812251749325585e-02 -5.628351969297999691e-02
4.024760259786814426e-02 -4.992711701937462693e-02 -6.562228000828754237e-02
4.039929126565331569e-02 -2.451266957163840063e-02 -5.855932539610071014e-02
3.982324033014281173e-02 -2.042383786168154233e-02 -6.394368952577231258e-02
5.781667993234700792e-02 -4.205323095250710491e-02 -9.063930673552156314e-02
2.927960578003182060e-02 2.414467946367699486e-02 -5.836276528340797465e-02
1.930837899545832922e-03 6.125817202282848872e-03 -5.646403284938562167e-02
-9.321221349064720899e-03 8.461755681869510132e-03 -4.148492925587211888e-02
-1.381606044382347603e-02 9.820404736679857333e-03 -3.799608957130404252e-02
-2.085682127419526480e-02 1.675870613830178837e-02 -2.852637228362879182e-02
-2.273904756822677994e-02 2.603919168873617893e-02 -8.755506709217835207e-03
-2.738664513707584139e-02 2.371337787446329420e-02 9.145257665228657268e-03
-3.261603569254215712e-02 2.406578327959818520e-02 9.411938203787896182e-03
-3.153880349307964376e-02 4.738555441849589406e-02 -3.306927879508833601e-02
8.502888864330222785e-02 8.423742093010180843e-03 3.182678918309285454e-02
1.044333922461055386e-01 -3.451839563573726177e-02 5.649078798749193608e-02
1.007994863119319184e-01 -3.032363320602843998e-02 4.449978889271853644e-02
8.172135336152658303e-02 -3.912729536966884358e-02 3.560511089385622746e-02
7.601498339740667132e-02 -3.585536721118465220e-02 5.243187064538459147e-02
6.205051814082655770e-02 -3.592676283629501338e-02 5.293215684199775034e-02
5.338069805761762321e-02 -4.960859878350597912e-02 4.266381288121703225e-02
4.182035949104141725e-02 -5.185611148502713985e-02 4.695191551698361943e-02
3.899065465669129815e-02 -5.258434978049670444e-02 5.250662433989587707e-02
2.988830199053700565e-02 -5.628187468534838478e-02 4.922701978327267275e-02
4.156090583252171344e-02 -3.660251763351408949e-02 1.336189158274686539e-01
-2.618592857695465348e-01 7.496127714229806893e-02 7.321342562737630233e-02
-1.940251314093454083e-01 8.037463796052145282e-02 -7.069987016824533232e-02
-2.209269878330736570e-01 1.043596635280542445e-01 -2.255485158200820073e-01
-2.128776253726730183e-01 1.169156016766379480e-01 -1.583793351796503046e-01
3.289695952505991648e-03 8.320413427881201418e-02 -4.863726480988366657e-02
-1.017237404996199253e-02 -2.188308202819452472e-02 1.522713768070293495e-02
1.575261733267302455e-02 -3.442302050648556738e-02 5.708962975413299501e-02
7.855110166828070672e-03 -3.831675076269514674e-02 3.985308930881380912e-02
1.791190681958505435e-02 -1.488336196870554407e-02 4.168481184291750186e-02
3.682665468921243052e-02 -1.075984712826346182e-02 3.693828918144190232e-02
6.179020341841040542e-02 -4.741024775188673601e-03 2.582236026351213479e-02
5.056788488203813742e-02 3.932307545912907230e-03 1.718594981093539420e-02
2.255061833205779590e-02 1.034479368387935735e-02 5.791327377885634219e-04
-1.822638258480744136e-02 1.176379737675822303e-02 2.099510363711784219e-02
-6.421979658987261863e-02 -3.818033293141839118e-03 4.112935363227920686e-03
-3.131324200405852243e-02 1.964967127583070600e-03 2.733987335726936925e-03
-3.404112377879237039e-02 -8.520005237163029432e-03 -1.526236509241901077e-03
-4.084612908408612186e-02 -8.842598936459106565e-03 -2.963699739859953358e-02
-2.430346329794996069e-02 -8.824722452816042488e-05 -2.715473520282846859e-02
-1.351715560683765596e-02 -7.867513750381869078e-03 -3.101414824544856605e-02
6.995599288430666418e-03 -1.248097168100829359e-03 -2.498724505565840665e-02
1.657669146067994662e-02 -8.508053180419795219e-03 -7.305920473421709423e-03
3.896245751176883459e-02 -1.184317506523898007e-02 6.285574919069308875e-03
4.930016221296431439e-02 1.836873500612624249e-02 1.930023955480059551e-03
4.970897193609702391e-02 3.080195607367529342e-02 -1.320649279187785345e-02
3.639730205098357096e-02 4.095471722405468612e-02 -2.961870241870393286e-02
2.750835777167180002e-02 3.199018879781827251e-02 -2.479492726043047018e-02
4.814608080937879397e-03 1.231424804737748027e-02 -3.292880277340163447e-02
-2.998068391691703985e-02 -2.792574252541543331e-02 -3.476205968826525522e-02
-4.791065153178346303e-02 -2.923872122109841959e-02 -4.201141780447245622e-02
-5.486252326680944591e-02 -1.964306744152661405e-02 -3.637179462347905901e-02
-3.761206757651733984e-02 -1.361777429365552267e-02 -2.319160491360378051e-02
-4.963458170099976224e-02 3.391629598664793604e-02 -6.161097490538985227e-03
-2.830243749957848942e-02 9.771785078898894208e-03 -1.862257346267194927e-02
-6.196071297779875454e-03 -1.833464844768303631e-03 -6.173936888626151490e-03
1.481993189365853926e-02 1.842175974542400053e-03 1.251728480535719071e-02
1.431452693595467070e-02 4.615332031996291669e-03 3.210311217070992151e-02
7.409859175531361558e-03 -1.100216167987862377e-02 4.064934317215627979e-02
6.634371679541657338e-03 -1.996617541079177133e-02 4.542522350516783880e-02
4.330759633191015243e-03 -3.313476993040021662e-02 4.621483135097526757e-02
5.133849533621499123e-02 -7.597661164979016557e-02 5.183266303956561571e-02
5.161266709357924948e-02 -9.583407190342284332e-02 8.282459611926611120e-02
2.710909258854875617e-02 -1.016126523430832540e-01 -1.720324402090869439e-02
6.729476190306894756e-02 -9.824651643559659253e-02 4.186455452388494064e-02
4.638871459223193466e-02 -6.838044482741149899e-02 3.714581278694165101e-02
3.238368525948986248e-02 -5.231600843648125110e-02 3.960544405762291692e-02
5.397448369136711652e-03 -5.209385599125880562e-02 6.800630871558073498e-02
-7.148789687394520656e-03 -3.749251342209108245e-02 5.391275743452076524e-02
-6.794899303176940228e-03 -1.407584765611964717e-02 3.844238002253148184e-02
-1.973647464414750308e-02 -1.623574561329329397e-02 5.474871690454662793e-02
-2.166148024405304198e-02 2.298451007030714519e-03 3.307732964834821099e-02
-1.597128664320698541e-02 1.523117182926870226e-02 -1.861586110336360851e-03
-1.398442304468972344e-02 1.168471624497459047e-02 -4.836203163860505749e-03
-7.738220349882854975e-03 -1.548067987134350669e-02 8.585106179531022327e-03
-1.294281435620922745e-02 -2.706808035289647030e-02 2.397683718464787075e-02

PC5 atom displacements (eigenvalue=3.0569317319536915) total=76.81069702492918:
4.857371984069641102e-01 3.194938219656549006e-01 -3.655788821064469563e-01
2.412717011106167431e-01 1.913728543458971809e-01 2.972677819707051847e-02
5.303208785855871576e-02 9.663799418536396513e-02 2.602491687810296744e-02
-4.363145285907786552e-02 1.219380639996284071e-01 5.085520469902180679e-02
4.448216150353767606e-02 5.694851339537337215e-02 -3.933289249868694064e-04
2.852012210197936090e-02 -7.472166914088857262e-03 -7.789746257148921250e-03
-3.718380417734429982e-02 -6.112689590396432407e-03 -1.125957469224343407e-02
-1.829181498612683296e-02 -3.853639273027331929e-03 -1.099065602115563423e-02
1.387445957273049889e-02 -3.104125718542849466e-02 -2.493420670575501735e-02
2.433022470183071693e-03 -3.200148509168168620e-02 -8.643171941776611397e-03
-8.983881616148549701e-03 -3.309511278057621075e-02 1.168282786940344833e-02
-6.035408324868860898e-03 -6.244255672021760406e-02 2.659157374568059395e-02
2.242997035803473080e-02 -8.119389151286396378e-02 6.886609379720901036e-02
1.636230876688074196e-02 -5.068992121683581209e-02 4.789587713450352280e-02
7.689997849494982669e-03 7.922005411507705708e-03 2.606796798705935531e-02
-2.737781769532247195e-02 -2.776741359279577201e-02 -1.101603274240850992e-02
-2.074373749382996211e-03 -1.374349015347835039e-02 -7.264470735800488549e-03
3.907785322308830224e-03 -3.121917837956189341e-03 5.507925174519403590e-03
8.216132920981621818e-03 -6.714715083063074004e-04 -3.164380812876526998e-03
3.479753510379292314e-02 3.794817898023075415e-03 -5.165845307080246286e-03
3.395074366703038082e-02 2.054295607448459321e-02 -2.524148024703374779e-02
8.549277704833831149e-03 1.088875734300300338e-02 -3.813255213659069026e-02
4.490845961398702221e-03 7.064398872513568068e-05 -1.409455729681060969e-02
-7.980356068864579919e-03 1.884885008774407275e-02 6.561933182799041357e-03
-3.793065273974246913e-03 1.131985263596176246e-02 6.514332252611179652e-03
3.402214869880733610e-03 -4.422592592668234731e-04 2.550596175767810836e-02
3.098621439596494376e-03 -4.272210340759413118e-03 2.189377394540777816e-02
2.123552544461619965e-02 -3.863054687630053385e-02 5.041761947974953383e-03
9.209203376766042851e-03 -1.315137809564957162e-02 4.326838958329175949e-02
2.669144317826410619e-03 -2.584741029665724513e-03 2.888049889268924295e-02
4.576006054491503841e-03 6.321384780817528894e-03 2.784662369662850231e-02
2.713439491242545989e-03 -1.863071064184403797e-02 3.708567394015651469e-02
-8.533921671134750073e-03 -2.806655523496246959e-02 1.946660790730243146e-02
-1.155402035539833741e-02 -3.140306596719245197e-02 -1.045196814189338318e-02
-1.101599906092915436e-02 -3.368804361386205926e-02 -1.609160760802885726e-02
-4.238342087356359970e-03 -3.297123839478003499e-02 -2.249728826988676988e-02
6.048493222271370852e-03 -1.571826301111844612e-02 4.249330398142957786e-03
9.263565294199955710e-03 -2.542298186372806551e-02 2.594697306597872413e-02
-6.926462293993572439e-02 4.628806704054903159e-02 1.174838765724052318e-02
-8.242348950494077231e-02 7.486416806931243950e-02 -1.457776612913343900e-02
-1.174099035013512066e-01 9.974640076642816988e-03 -2.889697700189848041e-03
-1.019228404303278851e-01 -3.673256951326419467e-02 -3.454540245530945269e-02
-1.004458724835844835e-01 -4.064267416974075287e-02 -3.407781956522014377e-02
-9.449904482745456746e-02 -3.808596902666287753e-02 -2.294801514071580402e-03
-8.887638695161452496e-02 -5.532284360053878192e-02 1.117130457794343265e-02
-3.975041643735317820e-02 -5.795549153815773846e-02 -1.366610574911475244e-02
2.240137064908616707e-02 -4.189943876072846352e-02 -1.258963239605395412e-01
4.700576291352900199e-02 -6.607233261669463731e-02 -1.039310615519101373e-02
1.294020182039151423e-01 -7.792755594290053101e-02 1.046189593735691176e-01
7.878595441421699930e-03 -8.031140607454270025e-03 6.783020586922956785e-02
3.382584087598983213e-02 1.035705207036803329e-03 -2.855939276173679806e-02
7.192914441327998357e-03 -4.486037281771240032e-02 -4.081363616500516267e-02
-3.418874771159109011e-02 -1.737563526920815268e-02 -4.374251773329304246e-03
-4.508408176400695473e-03 2.998976526623179945e-03 3.202835362003255554e-02
-4.975193444259808778e-03 -4.261862422799425620e-02 1.125560002562179737e-02
-1.334682697805127452e-02 -1.788775688525088073e-02 5.299295823383126094e-04
-1.529544853306847793e-03 -5.774497533265469940e-03 -1.348578059497920929e-02
1.262900583531276211e-02 3.354233486065223008e-02 -1.335843448824799995e-02
3.848106651611859358e-02 2.735683061935378912e-02 2.551383256880350708e-03
5.982432651754320679e-02 5.095790418440856312e-02 2.247658558883502966e-02
8.487753232197940700e-02 4.654971123989188470e-02 3.355095426344611997e-02
4.730904731647932182e-02 4.967243894329208959e-02 8.942759194145017548e-03
2.517340138500185828e-02 2.504225035967566626e-02 1.749674888134079842e-02
2.428458022212754558e-02 6.400874990373100343e-03 1.579510256488248637e-02
4.501571112821060004e-03 -3.714673036877328381e-03 -6.332551102570757942e-03
4.977212666920294987e-03 -1.499971009558568463e-02 -1.103640511828004114e-02
-3.880534316478950405e-03 -1.612116523686702232e-02 -6.715098277974066419e-05
-4.852601430179046688e-03 -1.203047951746163101e-02 3.306186452673651622e-03
-2.519297007843985755e-04 -1.800266656776266030e-02 2.177068912893252717e-02
-1.796678946609743879e-02 -1.081877759310444741e-02 3.252259666177238773e-02
-2.468731368993302977e-02 9.161154229310524907e-03 3.628718757752018298e-02
-3.376315590027060415e-02 1.385836242524623660e-02 4.554567741526686225e-02
-1.154379757177966849e-02 6.676423192577355661e-04 2.072568716470993277e-02
-1.426601066205195230e-02 7.028255197057705836e-03 1.390035752226772246e-02
-8.321367938566030104e-03 2.829237545650274167e-03 2.200677458736812614e-02
-7.555753957275988635e-03 3.851899437244601845e-03 2.413788856830967680e-02
-4.027079844967891044e-03 2.659924743375076915e-03 2.234576081665184261e-02
-4.614903132330122615e-03 -2.413969613385636304e-03 1.522559552090059151e-02
-5.921811543315419479e-03 -7.144451886949031161e-03 3.749009476312945444e-03
3.428760712248712038e-04 3.536666351096509012e-03 5.807075624545875170e-03
5.744428905760636840e-03 1.451035443577517153e-04 -2.212405627209938688e-03
1.930198709551126518e-02 5.280049372029179148e-04 -6.647985906997458394e-03
2.212204001563859018e-02 1.953440961990686453e-02 7.725137056162914573e-03
2.047827629170703712e-02 4.593772626221704486e-02 -6.885116483499639783e-03
2.288179301283916819e-02 5.329281738168401700e-02 -5.393726731122197235e-03
-4.196643099714442333e-03 2.654676582100059037e-02 -1.799029305150446137e-02
-3.498381564161913426e-02 2.438181829109386817e-03 -2.434450198482642283e-02
-3.686894830808170459e-02 -1.967692690885400678e-02 -7.439474841525214703e-03
-3.318957552537839251e-02 -3.047054044970515241e-02 4.858505728957169742e-03
8.750704085739222787e-03 -6.464380494584194559e-02 2.795055726827672810e-02
8.415777615661288596e-03 -6.869756025833172186e-02 6.265916774793980903e-02
-2.504390248692056967e-02 -6.749364674422152210e-02 -1.959269075669526142e-02
5.091843355066787147e-02 -6.766429989702812953e-02 5.573428739370753227e-02
-1.603523128699206948e-02 -5.174531991236216294e-02 2.077362148300370207e-02
-3.506209220160971807e-02 -3.893383446845844614e-02 2.895135236884389344e-03
-6.236319468497072971e-02 -2.835147966545146017e-02 5.038625738544841304e-02
-5.891791350916392167e-02 -4.317865631844135937e-02 -1.585808557091671588e-03
-5.892194774476831182e-02 -2.958224640757174326e-02 -1.407202595859641768e-02
-6.867395412273091804e-02 -1.339520794776589106e-02 -2.005996430271177189e-02
-6.411434593616305300e-02 1.370448580248089486e-02 -3.053382543119306097e-02
-4.135039299373713395e-02 4.099931460195775645e-02 -4.330140116931242150e-02
-1.383470629204765212e-02 6.504605034844908318e-02 -5.049054935296216212e-02
-5.325412733999335818e-02 1.224470183031796111e-01 -9.254014147634141707e-02
-8.838268824011816238e-02 8.345788868464268373e-02 -1.036221458106506982e-01

PC6 atom displacements (eigenvalue=2.512628548385027) total=76.81069702492918:
1.809746618295069720e-01 1.582562983751570895e-01 -3.796820652267474117e-01
1.002897998834700877e-01 2.996277357298159777e-02 -5.076534250645733243e-02
4.779927165707447551e-02 -1.129942878113776583e-02 -5.833558414913373596e-03
1.740659634221133900e-02 -3.886685402589739463e-02 2.517250507075816622e-03
1.603337404202431413e-02 -4.720519231576900815e-02 -3.263995109698135388e-02
1.405081929249089694e-02 -3.153178474966065320e-02 -1.822192857316313683e-02
3.902487472931644857e-02 -2.717548178381632221e-02 -2.786018911146649277e-02
2.092185278024670178e-02 -8.649416809046796620e-03 -1.961705308797777672e-02
1.144693441450585561e-02 -2.116169469132966191e-03 -7.243025985548807652e-03
1.544916691546226011e-02 2.780048265272671692e-03 -8.009407565490546388e-03
2.137336429415829728e-02 1.624881909698361673e-03 -2.458579637581650578e-04
-2.755587223915257136e-02 -8.842564392663175218e-03 -1.723224410082189670e-02
-3.054003584316599546e-02 -4.809193632158225741e-03 -1.961665483046649144e-02
-8.198125549574732107e-02 3.383532530369432606e-02 -1.054467103774736486e-01
-7.649900267765348538e-02 -3.321281968381071398e-02 -1.014047973631476696e-01
-1.085559070388092927e-02 -2.149112153574964448e-02 -7.487296898166743986e-02
8.877088314988944642e-03 -3.051701184620624757e-03 -3.155689075121202725e-02
-3.480131515680989903e-04 1.487799536666622319e-02 -1.209661705567529819e-02
-3.845880647422716264e-02 1.045639317728469173e-02 -1.770053347070832395e-02
-8.404625415268554556e-02 -2.510153572969517095e-03 -1.836227090594121439e-02
-6.595934816592559369e-02 -3.544341822448072998e-02 3.382378369005041487e-03
-5.539958062094500063e-02 1.510076645635562154e-02 6.443979150372701123e-03
-2.905117990756678550e-02 1.370248490610505819e-02 -6.634896960330020303e-04
-4.334313024035880285e-02 2.160693491135643254e-02 1.453529960227306454e-02
-4.833950002947288299e-02 4.128099281063422887e-02 4.665253254212421014e-02
-1.987367170754063272e-02 5.378897975472682336e-02 7.978342325343591723e-02
-2.004193974457529458e-03 4.096979785764363891e-02 6.817756147623349472e-02
1.019232406621018577e-02 1.921904597675896942e-02 3.518446954837225332e-02
8.295922154829672365e-03 2.456137884442805702e-02 4.313847841494947155e-02
9.432315122680605401e-03 8.925390773032875619e-03 1.352369851175582414e-02
2.539323972717993927e-02 2.206623223814823884e-02 9.887265260826347615e-03
2.627747969179998824e-02 9.485371645548518540e-03 5.201639222061084020e-03
1.574201675339393855e-02 5.176434445987007464e-03 -4.596426225220827909e-03
7.845404899014073521e-03 8.350879356619392291e-03 -9.644639491722990440e-03
7.038860198046806033e-04 4.303233981740092924e-03 -1.190295230417559753e-02
9.087515933163189952e-03 7.704927824366755718e-03 -2.781733601302849301e-02
1.232287706512495175e-02 3.363713161814596824e-03 -3.642028611162333868e-02
7.214100969758107350e-03 8.759614734357809573e-03 -4.900528024198783084e-02
6.326701924455292725e-02 -1.662139984893612390e-03 1.304603313764048263e-03
6.403895039396031996e-02 5.587999749052892373e-03 6.987753117230646738e-02
9.138730103103863411e-02 1.101141617770216331e-02 1.181150215471320208e-01
1.685744653940383364e-01 2.231851798814507570e-02 1.438476693453641653e-01
2.069861061006041669e-01 4.251081214534736114e-02 4.362629294573486249e-02
1.677648920573042435e-01 4.558007814329022300e-02 3.783856102268195326e-02
1.986624627339792781e-01 2.721981492869184061e-02 1.062187390044036644e-01
2.191317109537859187e-01 2.737414483057128839e-02 1.017606090468227142e-01
4.579137288278711804e-02 5.947942506441093041e-02 2.838235532948886197e-01
-5.758739873132415893e-02 3.709262144062751981e-02 4.382890550913304956e-02
-1.594179283353897025e-01 5.329885862966760035e-03 -1.539221550605865685e-01
-9.974117846963949374e-02 -1.076429975100299530e-01 -1.435025834972036562e-01
-1.677639630243737273e-02 -1.092658764421260975e-01 1.923864658191243304e-02
1.255998232248014233e-02 -3.996594800284195004e-02 3.025856913272039102e-03
1.382019785086132657e-01 -7.080945033661725785e-02 6.859558537355041341e-02
-2.879270337286735787e-02 -5.612335094643362138e-03 -8.384112149942148096e-03
-3.686322727850752795e-02 -1.166668557624374238e-03 1.685210404265781101e-02
-4.276000766360261302e-02 9.737032318723273100e-03 1.033530343213378243e-02
-1.214576091964581460e-02 2.656124515817109150e-02 3.449411581852838277e-02
-3.094209940472698178e-02 -7.142402297941815269e-03 1.938658999324296972e-02
-8.382474918228149940e-02 -1.441143114354708193e-03 7.798029469804813483e-04
-1.068568405166786806e-01 -2.942063927763418144e-02 -2.085838109391226561e-02
-1.474085628015994742e-01 -2.355392093498787434e-02 -3.674576260803549127e-02
-8.628330939692102630e-02 -3.410185794029591683e-02 1.209607148044216556e-03
-3.710051576918821370e-02 -1.550329514374615240e-02 -1.890675551906427845e-02
-1.607818049884222888e-02 -7.318347128815719596e-03 -9.693912618108771473e-03
-1.105728000409218412e-02 -8.276565262043022314e-03 -1.465889560220484319e-02
1.828636737303612411e-02 1.273865914146887594e-02 2.303157819683418484e-03
7.234448602979991335e-04 1.240940822762980414e-02 -9.351351958756014618e-03
1.001439619427397371e-02 1.351094825377390993e-02 -1.187618059318607672e-02
2.073702579977882571e-02 9.483313433182252380e-03 -1.302063074035473764e-02
1.327298865059072831e-02 4.926368245363266576e-03 -1.740757663523006052e-02
3.568038507546991353e-03 -1.852680255149271823e-04 -3.654651811532223099e-02
8.697679884179546029e-04 -6.270660379510711868e-03 -6.150929013387954752e-02
-4.230387598751093360e-03 -2.139805456216527929e-02 -4.816199651756888911e-02
1.124521400761080859e-03 -1.497406968048159252e-02 -2.692565106564644151e-02
-2.810947916350619354e-03 -1.349205797786437976e-02 -6.227780996065452809e-03
-8.412950915105178035e-03 -1.984901107854785546e-02 -9.937481573817285099e-03
5.849206736034774819e-03 -4.856484168849856294e-03 -4.490020022339491317e-03
7.861551721346031127e-03 -8.717608341039657623e-04 -8.355428424838622428e-03
-4.116650642819312013e-04 1.120068345499179718e-03 -3.458453389532849774e-03
3.223832675425560793e-03 1.890333746913723696e-03 -3.810324605250858896e-03
1.335109363514467608e-02 1.326698745032083536e-02 3.037990994609859885e-02
-2.396238018429017180e-02 3.788539988116696594e-02 5.027054812757668356e-02
-2.833559385370943567e-02 1.825748912812437483e-03 1.859611645166591581e-02
-4.433459381239983343e-02 -4.740252465063079373e-02 3.914740444920901397e-02
-6.204876678457973971e-02 -4.788980913097096170e-02 2.234053280257476681e-02
-2.580309594200403886e-02 -1.462855279196093559e-02 2.313080754890783908e-02
-4.477515986671742193e-03 9.278565296032610654e-03 2.113605531030668741e-02
-4.234118756316865295e-03 -3.171304955076323807e-03 1.991416536001120244e-02
-1.200269779858633562e-02 -1.396682717805117040e-02 1.689024754746086543e-02
-6.078824212470652216e-02 2.631393998604799819e-02 -7.874178104558145902e-03
-6.793540262482711256e-02 3.858558959525347498e-02 -7.455117821621631835e-02
-9.920564270503047510e-02 4.446593090843671547e-02 -1.204290851571782894e-01
2.910982852438579252e-02 4.717851896520597332e-02 7.647704978190644765e-02
-5.569407034711474323e-03 -3.626028885885345873e-03 3.222674824018139511e-02
-1.377662102479582963e-02 -8.509816438779470998e-03 1.654664134463044133e-03
-1.381212895822682765e-02 -2.884421252678294380e-03 1.191446623809245403e-02
-1.168879907872389864e-02 -9.234243842410946174e-03 6.749695634108400337e-03
-1.076014594355192110e-02 -1.330726921088512364e-02 1.312434164176589334e-02
-7.664636545823772310e-03 -2.348540998122471048e-03 -5.699652962596294677e-05
-7.918251973320918069e-03 -1.132999764296331938e-02 6.891486527331206098e-03
-1.598845947549262791e-02 -1.814417716861978572e-02 3.500868818983846314e-03
-3.700970942937391317e-02 -3.280114568347049925e-02 1.209271228356169001e-02
5.404273303807214865e-04 -6.842572665746393668e-02 4.280135481597939495e-02
3.002020232716163736e-02 -3.618605609044276555e-02 5.499173760459154930e-02

PC7 atom displacements (eigenvalue=2.174272467908318) total=76.81069702492918:
-3.122009186611527862e-02 4.571532545365368863e-04 1.369815889746425208e-01
-8.276665364449521667e-03 4.263807041459198588e-02 -2.191659939172078964e-02
-6.004516387364026379e-04 4.523819339760801195e-02 -2.599061353492075187e-03
2.945079532598194466e-02 1.604268689998002151e-02 -1.018733259522268744e-02
3.017878522260704702e-02 1.401381999413491702e-02 -1.970125560759424660e-02
2.078125590656951585e-02 2.186404780398945591e-02 1.549952679004269101e-03
1.417118472896338084e-02 6.411274640516700235e-03 2.812305621108458081e-02
2.021457599283488227e-02 -2.586683496085872419e-02 1.020431197256953249e-02
3.551488433587841193e-02 -3.290304333100701334e-02 -1.081910339149148165e-02
2.963651368872801187e-02 -3.619905816993020109e-02 -5.603018192706451898e-03
-5.494096933969719451e-04 -4.939144262157775522e-02 6.499351739154871077e-02
-2.500342934952164489e-02 -1.462157443489751907e-01 9.739707766930606747e-02
1.282655709718528818e-02 -1.962183435446672175e-01 2.078936280843760587e-01
-1.320945106887527493e-03 -1.829156095470500787e-01 1.601982707304798470e-01
5.988915329521829131e-03 -5.001352515374145324e-02 7.494142761563045430e-02
-1.748197864036302451e-01 -3.274869870316356180e-02 5.859594925655833841e-02
-8.730444747503768310e-02 1.652114847337799938e-02 -4.317546315361076720e-02
-6.172301765986294014e-02 1.235987512544778127e-03 -5.817154546536895676e-02
4.225428543302402890e-02 1.755571192942331424e-02 -6.225252199279994458e-02
1.336897110802374167e-01 4.259354401532807616e-02 -6.417461022492541856e-02
7.328044973280267715e-02 1.319006851230197785e-01 -8.571444466772069892e-02
7.477705010464504032e-02 5.160410636044777954e-02 -8.056793469391825002e-02
5.840592936142702252e-02 4.184123416566902509e-02 -5.305831782685008213e-02
3.457411551176867853e-02 4.654864143907584684e-02 -3.509474184759180104e-02
4.989446267015668068e-02 1.368884099425662221e-02 -4.534094947953686700e-02
3.916452896631925779e-02 -2.530049633990586952e-02 -2.487417275514423182e-02
5.872969858905759816e-02 -2.739883711228885063e-02 -3.108654509080088432e-02
6.183056856554362130e-02 -3.949621976375682075e-02 -3.613571335017125991e-02
5.456428620554118480e-02 -2.817008341323560400e-02 -1.936617959717741588e-02
1.787407645628873512e-02 7.634865012688997477e-02 5.403787150850310715e-03
1.669519482279957154e-02 3.823616633077058825e-03 6.394792000405309304e-03
1.347285083442789633e-02 -8.422909637750016984e-03 1.604163566332300964e-02
2.212064747718871932e-02 -3.756585370335415591e-02 -4.635648160597913986e-02
2.359067564772358849e-02 -3.813682676529150939e-02 -4.385366533345747692e-02
2.978983401298371941e-02 -3.482794012132060801e-02 -4.133401547411667820e-02
2.617647938838061836e-02 -3.624955773373388090e-02 -3.630244975736450497e-02
4.111098522279967027e-02 -7.762418115753622061e-03 1.029224393843588756e-02
4.308320371614830779e-02 -3.682442645957246380e-02 6.515354060770865707e-02
-1.347045442850127416e-02 2.325354652858473148e-02 6.408281351359655653e-02
-1.367569742703356704e-02 2.217777831223677679e-02 6.759050836462861256e-02
-2.309840861437102016e-02 1.955398487393148615e-02 5.443505609907088594e-02
-3.481442376441123282e-02 3.275877169646157494e-02 6.206870790975812374e-02
-2.745945705849979143e-02 5.056393847249314932e-04 4.527192969133393696e-02
-1.045197857424208336e-03 1.668888248927841546e-03 6.287933774752035854e-02
-2.163546895782113115e-03 1.906151690925888403e-02 5.763799734593121754e-02
-3.013881056797344804e-02 1.327442079515270962e-03 5.807157083582963064e-02
-5.564402540070950004e-02 -1.029923848097239955e-02 1.153853339471585526e-01
-8.154906343673640201e-02 2.182915617422585136e-02 1.530863413126235320e-02
-1.856595773426484852e-01 2.956401791378727301e-02 -1.139428104720001250e-01
-1.071629191327938130e-01 -7.789916495915501227e-02 -8.808267289535555433e-02
-9.916058079326997565e-02 -8.830814403098888321e-02 6.479084891634676047e-02
-4.893215921738670177e-02 -3.384137800440422533e-02 1.039064075819067651e-01
1.725931914353630303e-02 -6.653071998354570527e-02 1.023538210410703808e-01
-2.406323620028501774e-03 -8.695348381533350712e-02 7.725926947879618867e-02
5.566639091980130939e-04 -5.839386268154646981e-02 5.466397457214937361e-02
-8.774275368917415496e-03 -4.401825113996330613e-02 3.961050988557090341e-02
-3.315391188114145266e-02 -6.112404388335759137e-02 -2.273840171545349603e-03
-2.997923971982155086e-02 -4.610003564519410402e-02 -1.179206958305745179e-02
2.330554961286672097e-02 -4.093273303301723370e-02 -1.535839228054533025e-02
6.907054889178340651e-02 -1.926668051553314179e-02 -2.669821685450034232e-02
1.096845420872204213e-01 1.370990058739674812e-02 -2.663310218815861594e-02
9.592671215452144851e-02 4.996507562296250565e-02 -1.742144612319763974e-02
9.181821154825695053e-02 2.885204746066410975e-02 -1.497482208559054902e-02
9.409264916548724933e-02 2.704361288651250042e-02 -1.429846688806859709e-02
4.690401790552344019e-02 3.407496376595986910e-03 -6.435486921794415782e-02
1.196643375233927449e-02 -2.731404724349179719e-02 -8.427978831013530070e-02
1.455136489830690175e-02 -2.565316424310218682e-02 -9.151468801844830914e-02
-4.242587763186016041e-03 -2.319174289044442436e-02 -8.067657179014538216e-02
-4.299742840460710203e-03 -2.509030274462410032e-02 -9.201852139292604482e-02
-3.528405027304721067e-03 2.878871117745649463e-03 -5.810214528848488269e-02
3.302400729594953937e-03 2.832283101117771817e-03 -4.450343879037354372e-02
3.900237991003273341e-02 1.340795521949285363e-02 1.880604312058776692e-02
2.143283693810571489e-02 9.208344758531356034e-02 2.688576054059740178e-02
2.493850523942562486e-02 1.168736495903155148e-01 4.023624697846807374e-02
-5.775048781031637442e-03 1.353901125379735615e-01 -2.653099247110192894e-03
-3.118735238138391902e-02 1.231222028324244350e-01 -6.175543114719984211e-02
-5.388043742171306355e-02 4.344986346366253721e-02 -1.223338234325608009e-01
-7.300390066570970615e-02 -2.025285693269618381e-02 -1.700169361717501770e-01
-3.176783728679962587e-02 -1.432654091581091541e-02 -1.471171700935403337e-01
-7.143927562275036863e-04 4.777875960989385294e-03 -1.551358220058798587e-01
2.990951407455658476e-02 2.682976342531954994e-02 -9.006981258798756051e-02
3.576737418662359613e-02 1.095391778475859335e-01 -5.058092879239407119e-02
6.027739272340270488e-02 1.295760619522633161e-01 -2.330120147138593084e-02
3.092740055074495037e-02 8.626345862785841923e-02 -8.508283192011028770e-03
1.159571660108913750e-02 2.471550566367337540e-02 -1.251644505793367973e-02
-2.696382198827466589e-02 -1.286794788175272403e-02 -1.500594378318255255e-02
-3.992831984210906682e-02 -4.151818514420666656e-02 3.415370818769870951e-03
-4.151038705581688859e-02 -2.184006137230569064e-02 1.222139090211205731e-02
-2.470747029141532464e-02 -2.326747304872402167e-03 3.014162792811747246e-02
-3.787433840315359429e-02 1.159225861332865114e-02 3.010466056172884583e-02
-3.729932431144056260e-02 2.863645233466887569e-02 4.800364254377747705e-03
-4.296843458130947258e-02 3.457964005867306123e-02 7.001191936798344118e-03
-4.753453843766995007e-02 2.294895811139324379e-02 1.047240710980100464e-02
-3.947371815293453795e-02 2.570765153044814524e-02 1.260049015262095819e-02
-2.163590953463530656e-02 1.172273311729209178e-02 2.549254145274893260e-02
-1.707399028142776373e-02 6.857199021026296609e-03 1.197070934605088018e-02
-1.494522573143347924e-02 5.300781198031847934e-03 2.423923688750433125e-02
-1.540703474867007039e-02 9.063872715472723329e-03 1.846000400158245500e-02
-2.356779399114817750e-02 -8.702039428741923863e-03 4.220977927498345550e-02
-2.995543591540380385e-02 -5.382709866064399294e-03 2.314146952797218118e-02
-1.877486869842852693e-02 -3.503070606066870465e-04 6.260885508672264788e-02
-4.416122085031239618e-03 1.565526409549685208e-02 5.828497675703103731e-02
-3.004528701759475937e-02 -1.550649846737294814e-02 6.415781422289468239e-02
-3.454402894152483472e-02 -1.819263173197338199e-02 6.687450279059996283e-02

PC8 atom displacements (eigenvalue=1.8819873198908774) total=76.81069702492918:
4.642038531412842617e-02 9.907688938513573018e-02 1.119842353368340343e-01
2.253937764339277242e-02 9.567800882339796975e-02 1.580925651999657428e-02
2.395074674897838211e-03 8.468620053761566346e-02 1.644041962695829556e-02
-2.158844869406400732e-02 7.936062892298004212e-02 2.512206471697819160e-02
-3.299116567605298207e-03 6.455271059497752484e-02 1.462907442203915248e-02
-5.771300394233146169e-03 4.502605880804542299e-02 5.429684618437330586e-03
-3.182050749377325627e-02 3.933103919670823123e-02 1.729441410158472081e-02
-1.744365972081081059e-02 3.601900378323066171e-02 1.658750467189184022e-02
-4.728042101547731170e-03 2.350084574669471585e-02 1.197473088147842958e-02
-1.432626897744480009e-02 4.279913865948848511e-02 4.886103101847676794e-02
1.596538670690498055e-02 5.102692048688801940e-02 2.008713136341245230e-03
3.007735085678731046e-02 5.797726258167704844e-02 4.834198764761657267e-03
-4.442195371934776205e-02 6.001795347405371184e-02 -6.097484064413591885e-03
-1.533388200585248523e-02 -2.299145367305438850e-02 3.341463858596935982e-02
-1.366888808537525084e-02 -4.466436270648670159e-02 5.742668333708243061e-02
-9.439316180459553229e-03 -1.412993217799206683e-02 8.819203985318968542e-02
-1.276269500104421778e-02 -2.437927673328148248e-02 3.977083536590871049e-02
8.627215764708181037e-03 -2.642913117035875989e-02 3.696739672709822844e-02
-3.192598698529531404e-02 -1.449819289442083430e-02 1.145579536822196112e-02
-1.019558205334848838e-01 -5.723548597926399889e-02 -3.713043598907125788e-03
-6.824561506716800285e-02 -1.348943535505193470e-01 5.270312289523317734e-02
-4.637587798730673228e-02 -6.405324844395179906e-02 6.674473849895166955e-02
-3.638082273324997479e-02 -4.140479705231329965e-02 1.526630522857259052e-02
-1.782729432518543461e-02 -7.951922353285330314e-02 -1.808949299777973599e-02
-2.449367283579484758e-02 -6.786583190725185843e-02 -2.156786962112886355e-02
-4.149462680993420277e-02 -5.177480858572527239e-02 -6.182377693242531447e-02
-5.789552063294380740e-02 -8.117736370152020542e-03 -3.569291615143198315e-02
-6.006338810400981693e-02 -1.276099153287242778e-02 -3.612344868779578111e-02
-3.412363363501585978e-02 -3.483746994662833413e-02 -6.686984687880333234e-02
-3.358591459331396883e-02 -3.884539443039656398e-02 -2.512692303540878247e-02
-5.955748928898900452e-02 -6.466300352209256030e-02 -2.100432373029527747e-02
-6.837205567239616755e-02 -1.529583340404945882e-02 -1.182251249690408762e-02
-3.333123159007175124e-02 5.652450031711396365e-03 2.094496289996519711e-02
-1.472504553070516468e-02 -9.594821444639918756e-04 2.776339614430169481e-02
-1.058684050707474865e-02 4.369034185284495150e-03 3.744318559618994846e-02
-2.297746650333375856e-02 -5.121750306647745608e-04 6.084870082690491122e-02
-2.893390498142663775e-02 -9.677298498728084848e-04 6.339328788053395780e-02
-3.044788725842509369e-02 2.964905752138140282e-03 5.001805258719727726e-02
-6.782924700675161192e-03 -2.364111553525406056e-02 5.078416790997934693e-02
-2.598047722202779033e-02 1.582015170720141306e-02 -5.554503116860353557e-04
-2.033186522605948121e-02 4.233612164043013687e-02 -1.864492739947099312e-02
-1.788532697563254698e-02 5.216562915386772220e-02 -1.172667799829429924e-02
3.867691704770719139e-03 1.170988221531903475e-02 -7.204216851435869817e-02
3.314343777533945712e-02 1.204735605571160585e-02 -6.386268419192563106e-02
6.136394764270959590e-02 3.781829967503824719e-02 -1.730312588087350861e-02
6.886232724947100037e-02 1.798451634261198293e-02 -3.283117794363211994e-02
2.705439856038247687e-02 2.197394296762893509e-02 2.660959314056681249e-02
-1.574827257653060864e-02 3.212800461007336850e-02 -8.071879740409317050e-02
-1.739745434273414770e-01 2.408988858214348300e-02 -3.179146320599150477e-01
-1.260900367172908265e-01 -1.183249575727880198e-01 -2.882494782225071273e-01
-1.388884484399898755e-01 -1.148965522672819872e-01 -1.197612275426144374e-01
-1.303506549198331088e-01 -3.349646114025630478e-02 -2.352823740466431779e-01
2.406189065419715722e-02 -6.149368316586258099e-02 -5.763506378755628434e-02
2.396440328218996801e-02 -1.102086786878360078e-02 -2.558665585641772475e-02
1.848891439506327242e-02 -4.104912985602929276e-02 8.813241665758633422e-03
2.347166372255259786e-02 -1.957118927597040203e-02 2.541042970633853801e-02
2.683401964384211913e-02 -1.920683633525272979e-02 -7.285646263219808585e-03
4.751783102049074448e-02 1.866073068227051129e-02 -2.516257688029136419e-04
1.143852948624250188e-01 -1.843727465868494472e-03 5.499677381439817964e-02
2.125871805436396755e-01 6.880881240342438809e-02 6.544209388912371195e-02
1.852155468821408968e-01 2.685077656827183912e-02 8.229862890184057311e-02
1.054576179332586405e-01 2.061164647385510529e-02 2.421975901071071746e-02
4.246444694994867819e-02 -2.035618781851351519e-02 5.039890254906004979e-02
-5.426088784557720791e-03 -2.451242822648930231e-02 3.162530956137233479e-02
-3.697110142629200097e-02 -3.666861005245115879e-02 1.810836920847098616e-02
-2.882868986187971799e-02 -1.483800921412578404e-02 3.033493282596633200e-02
-3.225106314152380305e-02 -1.212638194705211413e-02 1.461333097511644842e-02
-2.167373242520099011e-02 2.083252598995823058e-04 2.257253619299214725e-02
-4.052017439628426143e-02 6.214596439491283826e-03 4.173751403385774633e-02
-2.153581781737730697e-02 4.500017883586384868e-03 3.971486797937528318e-02
-1.259002711145304487e-02 1.124470851922798262e-02 6.428678588360776935e-02
-2.797922485189600558e-02 1.885071559648870618e-02 8.472908240838913918e-02
-3.213013048545965145e-02 1.953967725828383364e-02 8.871719584252998891e-02
-3.249750439498448606e-02 -2.775814682898031238e-02 8.171711776199920563e-02
-1.466383168035324813e-02 -3.490655717277612452e-02 2.603004273077759445e-02
8.364005173670040899e-03 -6.022236962862565976e-03 4.393392619941518390e-02
4.111800810896927387e-03 -9.642099236402889781e-05 4.920982885013352320e-02
1.145707842034127989e-02 2.322095227664714226e-02 6.710383336495502615e-02
-6.927831675607866273e-03 7.025725417952894541e-03 2.525391785316706550e-02
-2.732283899619195044e-02 -2.660771399862336267e-02 1.723259878638283213e-02
-4.839019600352536393e-02 -3.238806500795925886e-02 -3.125725058842469730e-03
-1.128318097822296300e-02 -5.802445758752904775e-02 -2.577696133694547601e-02
1.321767596614425652e-02 -4.181895546027378924e-02 -5.742362452040371268e-03
3.587468040033095495e-02 1.196348927086859448e-04 -2.120292150270922452e-02
5.757925502854537719e-02 -6.401457717878945028e-04 2.870048764768697524e-04
1.453873524795152097e-02 -4.444087915568053354e-02 -1.663477416774251580e-02
2.236635400025476991e-02 -4.034505202437995569e-02 -1.074346508573606300e-02
2.210699784789662420e-02 9.274563593125248126e-03 -3.902965468411420755e-03
3.223154067639234788e-02 1.678651822982275485e-02 1.059433945989772530e-02
1.070969579292771479e-02 3.042349598131728269e-02 -1.406904606663854536e-02
6.119949165626849437e-03 2.995506870550950634e-02 -3.247681450980735574e-02
-2.666697510274735824e-02 3.773632614908908195e-02 -8.390424682806367496e-02
3.670076518817337596e-02 9.276770936472606213e-03 -3.388727783345441003e-02
3.480774538100486065e-02 4.151927352849917041e-02 -3.740541928478710587e-02
5.273296476236958436e-02 3.446011003335690964e-02 -1.280985906333678530e-02
4.927015513583745537e-02 2.590169862990669009e-02 -3.002071548595624043e-02
4.437529539248941113e-02 4.443779729731459766e-02 1.521304841502649045e-02
4.377198017084527049e-02 3.704133362872676083e-02 1.473385949365252183e-02
7.691826982539351487e-02 -3.928472399445515420e-03 2.206082175229397840e-02
7.671027079689950179e-02 -3.446562290388248406e-02 4.698528915488756758e-02
6.463488180469928457e-02 -4.526903453980507530e-02 4.725515039602676270e-02
1.278342587255638929e-01 -5.562570988907097197e-02 -2.018294597357262517e-03
5.956507466123558969e-02 1.047312451241001890e-01 -1.064028955007144950e-01
5.083023492911545316e-02 1.186701773680500227e-01 -1.486457916390045153e-01

PC9 atom displacements (eigenvalue=1.55972476100794) total=76.81069702492918:
-1.632535061371566398e-01 -7.325777909556033252e-02 -7.288223267481379331e-02
-9.043590413067786882e-02 -5.994270273769029822e-02 -3.548033794964459975e-02
-2.507430334821991388e-02 -3.139283770837141690e-02 -1.843681591964033833e-02
3.518641726263901232e-02 -3.437065901893851527e-02 -3.853364656799673077e-02
6.608505329694669981e-04 -3.704600523586147696e-03 -6.111952382897978438e-03
-2.403559084175184934e-05 3.194527348352914353e-02 1.601253351854913659e-02
4.305382144396264349e-02 2.763759264953092112e-02 2.106902637182101259e-02
5.346095182633983645e-02 7.076952257419384489e-03 9.293974406013339254e-03
2.513067533712404558e-02 2.884754918240521604e-02 3.494139851693633253e-02
3.223469351423403906e-02 -7.251857776919275883e-03 -1.600707633329145896e-02
-3.225693192727827063e-02 -1.353603366251267606e-02 3.396813036749471437e-02
-6.022146019934979805e-02 -3.794581353308722205e-02 3.315939018066080268e-02
-9.283896193697577237e-02 -5.721182326281929603e-02 8.339004642438406500e-02
-1.509667176668365030e-01 -6.264462945779343539e-02 -3.361814294149057664e-02
-1.282441509395995938e-01 -1.371695999671564414e-01 -9.793264421939158748e-02
-9.009895189780783853e-02 -1.769984833017192727e-01 -1.127064324726222977e-01
3.291302222939877786e-02 -8.897269607013903736e-02 -9.285498184679576638e-04
1.316139743123412309e-01 1.490877687343131024e-02 1.128989392748713239e-01
3.437073568098334558e-02 1.715774775495490859e-02 7.806029256039727360e-02
-3.400226564512306288e-02 -2.215957885228995311e-02 6.733072993566185938e-02
2.040780505030379693e-02 -1.055403568658836166e-01 9.328333225104365467e-02
1.161094280242388685e-02 -3.326230530214356607e-02 8.799572795067588105e-02
1.205825657506393901e-02 -2.090549111105937524e-02 6.449182334571423869e-02
-4.483842909035124120e-03 -4.104467967517617943e-02 5.960952940232008834e-02
-5.148833579538509425e-03 -2.247953849326317713e-02 1.104509196833087098e-01
2.085321578250268551e-02 1.662605366923568945e-02 1.179837259977582486e-01
2.300509082688710627e-02 5.134623389818554484e-02 1.386882459891110864e-01
3.395216804238262304e-02 4.419101386852420515e-02 8.977365345102798766e-02
1.703487104792239873e-02 2.463924095832909986e-02 6.968177829410425461e-02
3.185642770696876097e-02 -2.737275283869807646e-02 1.426765490492889338e-02
5.581392698678993430e-02 6.573426015984640269e-02 8.055351042982838300e-03
6.133400867588280347e-02 3.358224087651157791e-02 2.255355835883167924e-03
3.288207602389252304e-02 3.957407072135996073e-02 2.261855497273381269e-02
4.973534043235246227e-02 3.225577887328259091e-02 2.688065111154635742e-02
3.680434686386455101e-02 9.220882637691926731e-03 -9.389866912254915890e-03
4.148313911771698420e-02 2.155881826328203202e-02 -5.068404859011281516e-02
4.460624865831469554e-02 1.370798702532169920e-02 -6.262267909677017574e-02
-5.512590427079631580e-03 -4.532129122918479407e-03 -3.800963599009946764e-02
-5.418358245286980686e-03 3.578004310336008881e-02 -2.823207540422984895e-03
1.477078947217030057e-02 -1.375615828732289344e-03 2.741549936034957946e-02
1.853338984479821483e-02 1.074371469025438806e-02 1.674576491751264551e-02
-1.559820983154544885e-02 1.264488726089592167e-02 1.171436422953645549e-02
-3.244319333879722850e-02 1.003433758100854070e-02 5.878444397718703834e-02
-3.532303759681888061e-02 1.138480648324366809e-02 7.307944221971270082e-02
-6.454185462537244400e-02 -1.731607277906895438e-03 2.385139022405813325e-02
-6.861373288437036533e-02 7.413242586123893352e-04 2.698571550219045628e-02
-3.345513236350076275e-02 6.938079467193303783e-03 -2.727871952243107398e-02
-2.714468899750235864e-02 -1.995905975016896983e-02 3.863415481131655255e-02
2.077839439278392902e-02 -3.325924623725048240e-02 5.854788266037755373e-02
-1.464301985376790516e-01 -8.230592551207061014e-02 5.407502499722983275e-02
-1.766188529639751148e-01 -9.131246311462641596e-02 1.027550451901222545e-01
-1.495114508414177590e-01 -1.533740565956919974e-02 6.271028206163275359e-03
-6.106218771521839533e-02 -5.825126224659242513e-02 3.688340014525239713e-02
3.639853785480547978e-03 -8.115325363725706120e-02 4.565249084514285544e-02
3.785300342406841718e-03 -1.226820520644761187e-01 4.114473852008481564e-02
-8.294696546480278404e-03 -3.975250148898496622e-02 3.481542394935870088e-02
9.158376021882293910e-03 -2.622056006525937816e-02 -3.350370613918790541e-02
2.118122548561014382e-02 2.284123393807210856e-02 -4.895588367185799150e-02
4.822783776522932692e-02 2.510061414136936439e-02 -4.713805849673836229e-02
9.169643317339068456e-02 4.923596210463293543e-02 -5.614112065742945384e-02
6.894302812776009759e-02 4.609712245565172895e-02 -5.600115295535056797e-02
4.228377037853000425e-02 5.188712397342082339e-02 -7.137029284951151853e-02
3.624913184698617258e-02 1.054669579076149104e-02 -6.942911641626825503e-02
3.914483476857949507e-02 -8.430073831389497127e-04 -6.981053697096210875e-02
2.168378029359788184e-02 -8.569653765999687284e-03 -7.194081872065037631e-02
4.475833787475118342e-02 3.984685542006696779e-02 -3.377773843468325626e-02
9.507545253659860363e-02 3.511244191168287621e-02 4.676434858484103396e-02
9.533696358106764912e-02 6.860823506116060788e-02 7.753399158875191877e-02
7.598601338620489254e-02 8.199969631521838997e-02 4.193574704996425040e-02
4.570000250439914397e-02 5.035884587344399005e-02 5.964037974227076773e-03
1.499754224895550984e-02 6.436072701638818894e-02 -3.414353753536980562e-02
-3.935792003049858739e-02 5.581540521040982000e-02 -1.134518210223616347e-01
-2.268692818975419356e-02 -5.266834407832621245e-02 -1.158059907350519752e-01
-1.921943842580310993e-02 -5.741306582959884025e-02 -1.073206006280594121e-01
1.681396649421521006e-02 -7.639045674441075073e-02 -2.089685790392126902e-02
3.350379279543470173e-02 -6.260179877096186396e-02 1.244693141453734331e-02
7.313347230748629135e-02 1.529773793963603440e-02 6.343555763095824751e-02
1.066058380206588718e-01 8.765365896566060244e-02 9.175802662834836587e-02
8.024475617219370416e-02 6.624781185029546271e-02 3.546248322423837390e-02
7.639300698912672438e-02 -6.237190635761626599e-03 1.605182085973685122e-03
3.793178582751335209e-02 -2.008451533240985382e-02 -5.034267936569577356e-02
5.279982623053017243e-02 -6.231940916231253763e-02 -7.345200692175210544e-02
2.054864714762659472e-02 -2.228160351081275373e-02 -5.669714258085348235e-02
1.741842638583646768e-02 2.648605167057217075e-02 -8.193912649657246472e-02
1.786086287645995141e-02 4.511343434807259939e-02 -8.290407785138415031e-02
6.088604420903915085e-03 3.833721379156282416e-02 -5.854651864777118964e-02
-1.555217732618961908e-02 7.429661337823059188e-03 -4.442814683061290654e-02
-1.927913325635096167e-02 9.652944745256443471e-03 -1.919220401222375763e-02
-7.879446484145950780e-03 -1.226476460936452156e-02 2.064556732769253639e-02
-1.990539707640128636e-02 -3.499781292277224544e-03 1.206239058285715759e-02
-1.750341224814037228e-02 1.397050389153651172e-02 4.742032791736417938e-03
-1.344508804815844338e-02 3.154887167127773395e-02 6.169800094680626124e-02
-1.102508412206951310e-01 3.538838860489969523e-03 -5.810437246329955285e-02
-1.856322788612271499e-02 6.138399958037142785e-03 1.488113587947853273e-03
-2.568934196086594679e-02 1.896268102124879992e-02 1.620539705240697098e-02
-3.540188481529514541e-02 1.668386530355946487e-02 2.591776496706157951e-02
-4.012301731392047682e-02 2.060141876829216581e-02 2.409895870276821186e-02
-4.072105730100430976e-02 3.958938959666615659e-02 8.015559459732325351e-03
-2.378796095058417423e-02 2.720620689374346826e-02 1.585634673833993423e-03
-3.332407477157705439e-02 4.052787105167150045e-02 -3.963310753134675207e-02
-3.020021605309333029e-02 5.611478676029683227e-02 -9.491091475911885011e-02
-1.994758602457336310e-03 6.424616903916866018e-02 -1.133995857447655103e-01
5.424453579709389954e-03 1.095014202645227114e-01 -1.342836901763302671e-01
3.142328429002440564e-03 1.052731568690108283e-01 -1.259153854674917028e-01

PC10 atom displacements (eigenvalue=1.5211342917334376) total=76.81069702492918:
-1.024151879249678154e-02 -1.387646673802382484e-02 -1.618700151748875549e-01
-1.848788549777066401e-02 -4.713594170960021951e-02 -4.865349846535529238e-02
-1.911982754659900807e-02 -4.975608531268473078e-02 -4.260859324910169776e-02
-1.334709734597785101e-02 -4.779321584120214961e-02 -4.528043586456613478e-02
-3.016515954937264155e-02 -3.813563492267541682e-02 -4.301040249250867586e-02
-3.035106019081778433e-02 -2.548167490773884866e-02 -3.808001186207914807e-02
-5.774281848491153238e-03 -1.477266359939907042e-02 -5.501788873402083113e-02
-7.241169652515052832e-03 1.916928640415168153e-02 -3.798351099087889093e-02
-7.602720100071978793e-03 1.415271040491093008e-02 -2.352034411830969396e-02
-2.072374759915207240e-02 3.363584346114754237e-02 1.872841566012110881e-02
1.259419773823715512e-03 3.442085975830669331e-02 1.340456475219366228e-02
1.633272538007174771e-02 4.373233159763527389e-02 1.422416881944578090e-02
-1.173298026788944376e-02 5.437662490802539633e-02 -6.718810202930224247e-03
-2.514805587381124807e-02 6.374664174957912766e-02 -2.465826401702128634e-02
-3.807837193753318278e-02 4.530978867559993378e-02 2.138462225823998739e-02
6.148004650400590472e-03 6.411554180466975950e-02 4.647997626134317550e-02
-2.749948495225674680e-02 4.642085286366496449e-02 6.813419474658342911e-02
-2.819816370839024408e-02 3.134453857525396070e-02 6.033936009571785192e-02
2.988539587019668070e-02 1.749747138618060194e-02 8.808241343386798150e-02
1.703452124641202658e-01 6.750219243777111355e-02 9.864040605860979749e-02
1.423779795657666991e-01 1.627419272059468791e-01 -1.846055504459692643e-03
6.822326339135337259e-02 6.683560399116861284e-02 -4.413378667098614982e-02
2.535986122654670244e-02 4.035254743100862712e-02 2.597835587016794623e-02
7.760918958464163575e-02 9.408788953436118818e-02 2.454684424042423777e-02
7.267133726814910266e-02 7.506218081046660273e-02 -5.750649780647239251e-02
4.128042701583760354e-02 4.493606883224394305e-02 -8.744319816800978640e-02
1.097363295812479704e-02 -2.932050130034074414e-02 -1.183106958480526355e-01
-3.141779575593924012e-02 4.417292681168923790e-02 -1.638766879737884805e-02
-5.952274879147521902e-02 7.695986322389707091e-02 2.846626838584266281e-02
-2.850497625597092285e-02 1.734748760253194619e-02 2.611554627343216309e-03
-1.792966374534942647e-02 5.714670474057345628e-02 2.495951156700532483e-03
-1.022083372610380417e-02 3.105688987225607017e-02 -1.888648410847015846e-02
-2.297354632568473706e-02 3.966848805631086050e-02 4.763458870889509741e-03
-2.620623964777464565e-02 4.395139834837925169e-02 3.303438594051004429e-02
-4.647880230929616469e-02 3.987376089622550468e-02 4.474616382425764677e-02
-2.943568143967675854e-02 2.482140909947119084e-02 7.410508142595854941e-02
-2.173709326099073497e-02 1.325491967159020401e-02 5.636468481185010621e-02
-2.218554427915053404e-02 2.304402285372257955e-02 3.528632237713587999e-02
4.306659900647454714e-02 1.107069234890887925e-02 7.995735883457551207e-02
5.848028742702565674e-02 -2.102516898822106781e-02 4.961526984676143531e-02
4.099290046855379177e-02 -1.742393890802536663e-02 1.396873028493780637e-02
5.685694523420585338e-03 -2.014346404148291761e-02 6.593067444629510492e-03
-5.254592566649490121e-03 -2.737586088543630253e-02 3.999041735424525151e-02
7.104649847274289130e-03 -2.878269037233905855e-02 2.758666488874824893e-02
4.676796528183668208e-05 -1.429361701062094141e-02 1.302322324706969674e-02
-3.429525559996228490e-02 -1.604292097189490701e-02 2.891965155146062477e-02
-2.734581417049211649e-02 -2.456560795439265490e-02 5.299867929299452440e-02
-3.388918301649779252e-02 8.564082389342147703e-03 7.243459342014925764e-03
-6.079968897215293211e-02 3.303362232171152407e-02 4.129304951309459293e-02
-4.702642933373327866e-02 3.134345907488745447e-02 4.946456778439302371e-02
3.306123588001580807e-03 1.801095923664144255e-02 8.877121515888757031e-02
8.037396214410649775e-02 9.564817566081040834e-02 2.040358717240043085e-01
1.056956512561794820e-01 7.277991228590266481e-02 8.590331681865046032e-02
3.697763626464656977e-02 1.034312954129229002e-02 -1.202622375200739641e-02
3.448955839145645408e-02 1.938615059740994573e-02 -3.632827078242301111e-02
3.057831608621217404e-02 -3.660244790581574509e-02 -5.077132471655800006e-02
-2.017637505436095657e-02 -7.162575862634396051e-02 -5.560206547756781081e-02
-2.690267715221484127e-03 -5.060020349734755535e-02 -3.610448259790652314e-02
6.952145525460197428e-02 -8.243200003159567579e-02 5.051752889720171474e-02
1.862639355735603852e-01 -3.863737864516789220e-03 5.624127491062008710e-02
1.519541420838680656e-01 -4.693908374415758228e-02 7.106265621680753208e-02
8.281014777407791350e-02 -5.424409827191696565e-02 1.942731858394378119e-02
3.550434659510509627e-02 -6.917965470033830833e-02 4.290848774034045077e-02
-1.922019275530599536e-02 -2.703862875406627675e-02 3.071225501161584798e-02
-4.235049167789412677e-02 -2.964619363299241320e-02 4.448533454065921322e-02
-2.515864659983178819e-02 2.828211710932418063e-02 8.172174597064690849e-02
-3.311642951581506705e-02 2.797100701623907865e-02 6.747492009586972261e-02
-2.105977518196786719e-02 3.165761241951036559e-02 6.538970377393188427e-02
-2.262709760075299475e-02 4.026721525550281539e-02 -8.093186112987250241e-03
-3.398874189436508486e-02 1.461846602399313744e-02 -4.022379714297846104e-02
-4.749401326019418723e-02 7.764771659647877293e-03 -7.080409063368023337e-02
-4.838701125698970790e-02 -4.127523566621633423e-03 -1.250364359897313538e-01
-2.152906289504304127e-02 -4.777880341738559300e-02 -1.469920412439092439e-01
-2.695618094484003927e-02 8.037507403439036677e-03 -1.757714693813528239e-01
-2.536773570249044318e-02 7.084754079153232978e-03 -6.401315919766877027e-02
-3.953923493364201736e-02 -2.400901286443341692e-02 -4.362649817852805312e-02
-4.445190181608398711e-02 -3.215679688637612145e-03 -1.625475324184039866e-02
-6.027501810786218411e-02 -1.430669169675035171e-02 -1.816753116626572710e-03
-4.356771337050748677e-02 5.367169849900846508e-03 4.494910804456382636e-02
-4.602041089587552425e-02 3.731763425039986287e-02 6.252327674125328361e-02
-3.732632614383024627e-02 3.829374430223791287e-02 7.049992723305364972e-02
-3.005206040095141987e-02 1.082666361080049031e-02 5.370743846870835309e-02
-1.380374601898757799e-03 -4.546217878458636702e-02 1.520466490701520394e-02
1.550147060165438240e-02 -7.723414987184228087e-02 3.556655933913740325e-02
1.830314779491957339e-02 -9.597147490243447543e-02 4.248209341665049738e-02
-2.607431671645886462e-02 -1.560555537149392047e-01 -3.633184467434778797e-02
-4.686871287674439224e-02 -1.537870910561326687e-01 -6.335306280024820269e-02
-4.764068688801714052e-02 -7.049345780439057740e-02 -5.609712710633556199e-02
-1.638542958855796622e-02 -2.024359055899325674e-02 -3.661605170839415946e-02
-2.363030642983264887e-02 -3.841971395172361862e-03 -2.283495016646762063e-02
-2.182881385540211272e-02 1.093363781324799798e-02 -3.263711205899190448e-02
-2.383186786814791083e-02 1.503855884700965387e-02 -2.997415541916610693e-02
-1.106286689750797178e-02 2.412406347657745920e-02 6.566558973680297964e-03
-2.654361077753659981e-02 -4.562672823722641567e-03 -9.618751289528703133e-03
-3.033938288732334482e-02 -1.069091510779665577e-02 -2.689408376468406872e-02
-2.867690793496790666e-02 -1.170292495712822213e-02 -2.886071293198919432e-02
-1.742395038136786492e-02 -3.230271663075716393e-02 -4.495910436278354599e-02
-1.342407710149629355e-02 -3.337409484686246208e-02 -2.211063303446831121e-02
2.412674676810489666e-02 -9.734560373259212862e-02 1.799637729731260426e-03
4.003668502575592064e-02 -1.221246521516151373e-01 7.324272104961444818e-02
3.959417855193407554e-02 -1.153962789323494526e-01 7.402170139088301570e-02
1.148065167918059237e-01 -1.493802628470646821e-01 5.750131969175072133e-03
-4.068135732293007116e-03 8.901368628791860027e-02 -1.628250067679184176e-01
-3.821781257706217266e-02 7.398701631242012022e-02 -2.389434750763121673e-01

