PC1 eigenvalue=0.239524 total=0.7777524293672413
-1.508335213387605907e-02 -6.463570122873875390e-02 4.437168288576481129e-02
-3.315563784210048674e-04 -8.815528858548433988e-02 1.211841337037391879e-03
8.449632297717157674e-04 -7.369495962377858866e-02 9.142548223572844607e-03
-3.809253946922869401e-03 -9.058205045001425926e-02 2.967185631805288257e-02
-4.404492875613669547e-03 -1.025780774684364044e-01 2.734059233068935474e-02
2.052173557636745391e-04 -7.631081037353269758e-02 2.411865929307990472e-02
3.566456394099364220e-03 -6.705345752124038106e-02 4.627653550397193422e-02
-2.054214759298598775e-03 -8.306997698686310883e-02 5.591386182651123665e-02
6.012208503308745164e-03 -7.017516000464220360e-02 5.035091340316938391e-02
1.358029765911052643e-02 -5.968607260644442913e-02 5.025921061719356570e-02
1.810010657606458961e-02 -5.233407775571600334e-02 5.440340256717372119e-02
8.215784884086693024e-03 -4.575685266015606240e-02 4.969895944478216337e-02
-9.399125777668037099e-03 -5.457175051244599756e-02 4.073705723596163925e-02
-2.313942509781891088e-02 -2.016034990547434236e-02 4.439764116884122036e-02
-4.087525994508129507e-02 2.401542826626452964e-02 -3.697911626353155012e-02
3.520485776847989863e-03 -2.453899501550884168e-02 -3.502576639089535759e-02
1.212243872873619045e-02 -2.611567948053753092e-03 -1.559293308858825632e-02
2.177780127463260079e-02 3.240134766071593037e-02 -3.301890425131086965e-02
3.249572439434837007e-02 4.709723545928778260e-02 -1.947153117868927587e-03
3.617602536400182228e-02 9.292302970398973183e-02 -1.809773327406290905e-02
2.997733466891033816e-02 8.123594864020110273e-02 -2.469963587829278329e-02
2.880085758919040742e-02 6.342452387559983917e-02 1.128031344860007910e-02
4.510788393540742652e-02 7.862181850308833098e-02 3.032984326742818593e-02
4.178001277617334613e-02 1.102226672799118123e-01 2.116686460616711007e-02
4.095953026999829549e-02 1.031709333682568203e-01 2.598720939224268001e-02
5.351381155469910750e-02 1.105176589540970283e-01 5.445437021036209774e-02
5.183404367880373176e-02 7.078849926313189600e-02 6.985773036897884036e-02
5.243943342101708982e-02 7.638491519173168376e-02 6.880947561438913174e-02
6.149134668736228049e-02 1.374570601068965947e-01 6.247752283526561423e-02
6.177903943685435217e-02 1.185902726569799115e-01 5.217306441623342089e-02
6.390049774714282038e-02 9.265597673433469128e-02 8.830776984197506729e-02
5.527943313907508760e-02 7.177731282904531440e-02 7.696593880867280690e-02
4.414586810919178539e-02 3.289052938104496809e-02 7.462634603419186774e-02
3.824063206906992002e-02 -1.109142751957549813e-02 5.531466984491522493e-02
2.644312011024219783e-02 -3.626996935605859146e-02 5.390358713515223943e-02
2.356880406307335085e-02 -4.173868526488056646e-02 3.922233453020828459e-02
1.776690940599775712e-02 -4.447583290737315564e-02 4.058897571117638103e-02
2.495296626758149172e-02 -3.886648817931945277e-02 4.652791050290199654e-02
1.274139258327693612e-02 -6.225861030696721275e-03 6.344653908113055685e-02
1.501646590187252946e-02 5.318920138449813664e-03 9.529548997708343905e-02
-3.148966263853247415e-03 1.865587436125557040e-03 7.673785229409066377e-02
3.152375760094072981e-03 4.617016523480790835e-02 5.570318973046915062e-02
2.403077927036909034e-03 5.509452415567017008e-02 4.869090373786094661e-02
-1.062920232092328700e-02 6.113624963878121210e-03 2.193631622438154891e-02
-1.975448322740201018e-02 1.334934353204999744e-02 1.952328324407428791e-03
-2.208424030531914647e-02 5.586292574075955863e-02 -8.554121900167447126e-03
-3.186445695184715599e-02 4.148757989239287847e-02 -3.003210300813371342e-02
-4.149018325217210257e-02 2.662394630499968773e-02 -6.117416979702963720e-02
-3.869387341721278184e-02 7.093562327944850920e-02 -5.976671673265410850e-02
-4.779480893192447621e-02 8.166008033910637787e-02 -1.125945075107579324e-01
-6.217004151581260324e-02 3.755177954843540861e-02 -1.309740484820979267e-01
-7.915959311440105839e-02 7.913923615133346828e-03 -1.577213992733021153e-01
-9.582314417993238742e-02 -2.321236874099942213e-02 -1.827741787743247526e-01
-9.756398012521375063e-02 -5.809332258827605566e-02 -1.471137189328639017e-01
-8.320260577527506529e-02 -4.318217762476243143e-02 -1.320512570208874081e-01
-6.949131840886110800e-02 -5.529707399609280760e-02 -9.870235843211234983e-02
-4.943461663802155293e-02 -2.331834656070321324e-02 -7.688822650156725003e-02
-3.243086835742425844e-02 -2.478541854913025866e-02 -5.314857317907899226e-02
-2.377619312221954453e-02 -9.242259112098697577e-03 -3.196364764190294527e-02
-1.845399126770773043e-02 1.311813103908623761e-02 -3.270849033881320644e-02
-1.273200679560677027e-02 1.195289872510117181e-02 -7.161990505675469403e-03
-3.723382356079739386e-03 -1.108131179335398488e-02 5.327633054326363742e-03
7.628678672018944680e-03 -2.537145525924463380e-02 2.298284475262243193e-02
2.302457812407174287e-02 -3.824215614585549372e-02 3.173192662923449148e-02
2.107531347263964100e-02 -4.608647152358136267e-02 3.015938577975481663e-02
2.288992310766778393e-02 -3.738888736162132576e-02 2.567405052354782002e-02
2.847842771934441450e-02 -1.820626980107371840e-02 4.030620573189919176e-02
3.901864814419603311e-02 1.378613613285324321e-02 3.009205444874876387e-02
4.560091479688073435e-02 3.381742810464576782e-02 5.334820680203191529e-02
5.342201227713334888e-02 8.234380381759252854e-02 4.845053154173501603e-02
5.255011182955882793e-02 9.844609134458183475e-02 2.614538455950609838e-02
6.288067738862497535e-02 1.478302140901547046e-01 3.277336510160119842e-02
6.353528956489924717e-02 1.740699148459831924e-01 9.247900126802462498e-03
7.253311327284288346e-02 1.928685309669084524e-01 5.444861685743290769e-02
6.171901071611177181e-02 1.486749328367913958e-01 3.349046853960639669e-02
4.778549604988846511e-02 1.298706808451058903e-01 1.834424930598653773e-03
4.653659805551654816e-02 7.926985275723562319e-02 8.992678211659697191e-03
3.829214242208844876e-02 4.344866918907638875e-02 -1.022498481345937007e-03
2.964428631447523638e-02 6.499529605206772268e-03 2.074028105440330733e-04
3.111099108736154265e-02 -3.047936469661315095e-02 2.255000957538128709e-02
3.457151564475381689e-02 -5.214796948276338023e-02 1.302387121830004234e-02
2.383094713846658358e-02 -6.195725638083450504e-02 2.208829626542842609e-02
1.824984198491544710e-02 -4.821210988912531109e-02 1.921523505058670908e-02
1.830876738330752818e-03 -4.494175480739227152e-02 1.045773752214106123e-02
-1.381175953669245768e-02 -3.227148800300752574e-02 -3.054273799764025549e-03
-2.031423687595473176e-02 -5.182418906637829142e-02 -1.161655106098426551e-02
-3.636175965542776112e-02 -5.480697547411706588e-02 -3.396662307157823080e-02
-4.070897850882890245e-02 -6.335659182804816159e-02 -3.811671601571287038e-02
-6.282717653705656435e-02 -6.912343281809311957e-02 -7.572975246307918351e-02
-6.340326709220689416e-02 -4.043486155474513427e-02 -7.139846762512977452e-02
-7.837722589916257254e-02 -4.135750947138431416e-02 -9.073354002776413962e-02
-6.843586419862168757e-02 -1.501129517964171559e-02 -1.122987975014135137e-01
-4.538799889450746694e-02 2.094303369269319773e-02 -7.370621433335630690e-02
-3.724929113368100758e-02 -1.774643262041385866e-02 -3.774108888745743295e-02
-3.773515761685630743e-02 -4.504260981910821610e-02 -2.964646137272557505e-02
-4.229476309809862555e-02 -8.186674682231860622e-02 -3.895899148726206934e-02
-4.712259600037438378e-02 -1.115716344483708572e-01 -4.087471856287593769e-02
-3.481363499171414438e-02 -9.726533631718529971e-02 -1.138470110594460953e-02
-4.603837006601110837e-02 -9.879525798161299666e-02 -3.631672305148894025e-02
-3.790342172313403840e-02 -9.195938862950427117e-02 -1.625101512247983590e-02
-2.134898020709872710e-02 -7.844183202720533821e-02 -1.450434593939503439e-04
-1.804406731487773197e-02 -6.239803536936181644e-02 -6.280182902958030000e-03
-3.453613509960459793e-02 -6.069584614957742458e-02 -3.070615275541377018e-02
-4.888887965918039397e-02 -7.126401875654567175e-02 -5.756038763684448445e-02

PC2 eigenvalue=0.141638 total=0.7777524293672413
-1.547577351239856971e-02 3.008160551206992897e-02 2.511194498820836646e-02
5.352389929465500157e-03 4.774766878236465922e-02 1.670908998177632679e-02
2.806330263589639287e-02 4.598923620444241717e-02 1.380798673151717448e-02
6.210510624408035335e-02 5.673982798087508217e-02 8.087698615303191146e-03
5.810819282313542389e-02 3.097733121593525610e-02 2.149707443116544159e-03
4.156997799925570697e-02 5.298273872237524440e-03 -4.326923209871340673e-03
6.488857705374230511e-02 1.078315280936551629e-02 -1.981436937663469487e-03
9.691338699025510428e-02 -6.030319681479820622e-03 -4.718312878571113110e-03
7.243102268342352379e-02 -4.696080944324512729e-02 -2.588120463102043869e-02
5.246994747094965023e-02 -2.809332409937096917e-02 -2.960913018860687057e-02
4.579759951968232629e-02 -2.604329675007092254e-02 -2.443668711684778005e-02
3.755050245907003148e-02 -2.186506587049336439e-02 -3.946200683623921068e-02
1.761365798250198039e-02 -3.853811695304671520e-02 -5.762059169991727570e-02
9.533305578900402172e-03 -1.509886194912492784e-02 -3.482689242336552832e-02
2.042165949429932195e-02 -6.751441175523304611e-03 -1.985596365328760535e-02
-1.315001572432604113e-02 -1.303941360216863236e-02 1.206735401509079382e-02
-4.565578812519319185e-02 -2.447874165029268606e-02 -5.708289164124389498e-03
-1.400462943595321696e-01 -2.576304119220961669e-02 2.843792290428597339e-02
-9.666342050643866868e-02 -9.963023686504564672e-03 1.961808986984886483e-02
-1.384566281118503328e-01 1.884073644848801524e-03 3.381367671655480245e-02
-1.719271311638334299e-01 -8.268233060691099201e-02 3.571823826606874280e-02
-1.038658244256038254e-01 -1.249261384093629940e-01 7.145233258128723224e-03
-4.468410604602166686e-02 -8.446686411291526309e-02 7.142369323624507375e-04
-8.149588877325385228e-02 -1.004208478347504430e-01 9.078903826025122581e-03
-7.502801753381660443e-02 -2.185129257607320574e-01 8.818648719666428992e-03
3.487807181061525034e-03 -2.873743762916957656e-01 -2.566204881695065276e-02
3.538025838140947121e-02 -2.539028275312411043e-01 -4.624815009607192995e-02
5.403484711004075125e-02 -1.684835620300552395e-01 -3.836399516961015721e-02
4.860727280348052515e-02 -2.173125245360885138e-01 -3.492720736095895895e-02
1.690600145321042788e-02 -5.132170237490615156e-02 -2.188077860399235269e-02
1.004544790066535243e-01 -3.378462361078661547e-02 -4.200505443862413008e-02
1.045480940578803752e-01 3.886097489317277831e-02 -4.616225149034264980e-02
9.101722556231395256e-02 2.138568299826971650e-02 -4.215556564527796896e-02
7.300744260937831742e-02 -1.248644977506587969e-02 -2.684605519595901699e-02
5.357707731787574729e-02 -2.071424676495635386e-02 -2.529587386734683668e-02
3.606340258990882452e-02 -3.435434119442054568e-02 -1.915176880857390532e-02
4.320158200281531968e-02 -2.782012133811673574e-02 -2.344480046002757681e-02
5.887434386566035849e-02 -2.631350423489431378e-02 -2.420107308673325255e-02
5.239305613275058171e-02 -1.222964591002198911e-02 -1.461420878129502526e-02
6.261742126626154703e-02 2.680651607344441620e-02 -8.905088332622025649e-03
6.689298831373993726e-02 2.171481893335604901e-02 -1.648077863984733979e-02
5.053310670836634599e-02 3.859433387517144376e-02 -9.184660787378368108e-03
3.380970379603730896e-02 -3.112483140476288244e-03 -1.446296300830344876e-02
2.632651491752903417e-02 4.706447804662246444e-03 -3.036034825898374818e-03
1.426392300326113048e-02 3.140723775009074403e-02 1.014592594591190618e-02
2.619474212657181469e-03 2.766709224927121555e-02 1.144565435226481236e-02
-9.861011838168370902e-03 7.826939519658706462e-03 4.056000966925601796e-03
-2.686202455235378941e-02 3.352235046897641957e-02 2.064056502363083301e-02
-3.688712559125593288e-02 4.993883695883642726e-02 3.770990620147256916e-02
-6.279563246283251243e-02 5.958807953090676512e-02 5.299861960872881417e-02
-6.240330834857161363e-02 5.237996682005399002e-02 4.855556029748697711e-02
-6.213384611204382513e-02 7.984355740542908864e-02 6.490597353867405550e-02
-7.021814859112358864e-02 7.067976746768500629e-02 6.262425730109336119e-02
-4.562747962635484850e-02 4.443993679287189941e-02 3.016872121759152370e-02
-6.817064908693501457e-02 2.811867661955702938e-02 5.633371692714494137e-03
-5.153478599652534103e-02 -4.901751532443366288e-04 -2.200794821755106077e-03
-4.311776388927548997e-02 3.304772631201800120e-03 -1.185868301516114021e-03
-2.988252918474849917e-02 -1.982857676012250367e-02 -5.357634780745498641e-03
-7.875084364694293071e-03 -1.249715501474821071e-02 -6.761452106349451208e-03
-8.855769525632143160e-03 -1.206674314341645883e-02 -7.199652088432656125e-03
1.272345687944255802e-02 -1.667512548070520031e-02 -6.798226760603561999e-03
2.954976046050719271e-02 -3.562917436143510364e-02 -1.416299060623088003e-02
3.503815595448986353e-02 -3.271144361275922507e-02 -1.485438022687726733e-02
4.431869675980961570e-02 -3.517388278731009565e-02 -2.310543863125727806e-02
3.598874543331909148e-02 -2.655019004879391464e-02 -1.453586346058564557e-02
2.214387621874268353e-02 -9.911652769792328802e-03 -1.738710574180357335e-02
3.304699952128332952e-02 9.908515174532041281e-03 -6.476124177625944105e-03
8.771766006989542910e-03 2.752376560370947689e-02 -3.850796475167101059e-03
4.311453706704735517e-02 8.355769013851185867e-02 2.366085186785076965e-03
3.083508280476002228e-02 1.036563991150682013e-01 6.692735853727349235e-03
-6.980149669189965322e-03 1.938628773464288191e-01 3.494203942067443391e-02
-3.362154064408561828e-03 2.647895844277307065e-01 5.585140242017466033e-02
-6.265595189846831503e-02 2.316712760312255037e-01 4.153843731537138623e-02
-2.090567211798726940e-02 1.419359561780768886e-01 2.861357301671334230e-02
-5.111081334499324724e-02 4.884589163092534908e-02 7.461350741979079146e-03
-9.903858977526022733e-02 8.992986412003159402e-02 1.313892618930553001e-02
-5.433407682286017781e-02 8.296221313437206202e-02 8.853562228971333797e-03
-3.298731665429177617e-02 1.015099526982860545e-01 1.831414743979783988e-02
-2.273265193284905450e-02 4.855234709322710923e-02 -1.985472478592693532e-03
2.036673592582904924e-02 5.167494107398575010e-02 6.982973721265400445e-04
2.400872746894191015e-02 -2.629252808402140693e-03 -1.527347554695370271e-02
4.069470691281253799e-02 -2.285077705986284999e-02 -2.011551456336949009e-03
4.289024449962379471e-02 -5.279481214495792413e-02 7.355857884939974965e-03
2.205517088881830262e-02 -5.075954225678636078e-02 -1.914241685606600041e-03
1.116002771122825629e-02 -3.972587667373631698e-02 -1.113495926887469838e-02
-7.357610158904407966e-04 -3.270657985465645623e-02 -9.608833477122364838e-03
-1.671057768938887661e-02 -2.437005390710578201e-02 -1.019423169583412100e-02
-1.549523195106490385e-02 -5.317603240445371686e-03 -7.504390932320257127e-03
-2.452428536336725279e-02 1.094607799345749359e-02 8.303886336762765150e-03
-2.869917742389908183e-02 3.510333001234837436e-02 1.917207538645590223e-02
-2.979477891980105916e-02 6.460299723450471654e-02 4.126857543350596902e-02
-2.858411942610862566e-02 9.750168057760028040e-02 6.153419031740858108e-02
-2.334182728760298212e-02 6.811580985265890120e-02 3.909404857899511504e-02
9.666696946657842840e-04 5.729023558154918566e-02 2.403398890160015830e-02
6.208964343471667750e-03 2.766363339260662427e-02 8.433405360194422620e-03
1.072629190494288863e-02 3.432229499746149159e-02 1.070301949796400101e-02
8.654502811180854807e-03 6.278812069239643467e-03 1.748584149609991355e-03
1.569439199777555166e-02 -1.629529699595613432e-02 -8.519917936350469498e-03
-7.380377182917315440e-03 -3.299401785916584312e-02 -1.283183835433026297e-02
3.349652575842056358e-05 -4.316315648049146719e-02 -1.268976075547117999e-02
2.461392770703255302e-03 -5.070028579980533079e-02 -1.530645954641588445e-02
-2.275853023371142772e-02 -5.977730482731079958e-02 -1.984688815681290644e-02
-2.827440567782302933e-02 -5.778957728775133140e-02 -1.285670351382173053e-02
-4.980622130845582113e-02 -3.623941892186884756e-02 -1.327005160382094956e-02

PC3 eigenvalue=0.101759 total=0.7777524293672413
-2.267592030191924457e-01 -1.521842311345878163e-01 -1.721386381674893662e-01
-1.590895328635947570e-01 2.523020577288054636e-02 -1.002674420313002523e-01
-9.488423640117510383e-02 5.193546747611690190e-02 -7.770625102488082359e-02
-8.902371541944190114e-02 5.184490424874457076e-02 -7.296777614145637247e-02
-1.175892927125038179e-01 1.968953057548491689e-02 -3.631595923662810782e-02
-8.132626605188654489e-02 1.840901924587803884e-02 -1.470018778505999268e-02
-4.745485527594706793e-02 2.960220622813058977e-02 -1.087641540019920229e-02
-6.907804615062289322e-02 1.396931660451414085e-02 7.948293418421107162e-03
-6.794840667356639996e-02 1.171945975684550272e-02 2.107441022163223515e-02
-4.426314889828814048e-02 2.220282199583458252e-02 2.583176818125239652e-02
-3.972135130470633158e-02 1.703059256649647538e-02 1.275818366530821237e-02
-3.824123672412429314e-02 1.794672703675302683e-02 1.851576110599225181e-02
-4.293580793588502170e-02 1.647667447068319052e-02 1.715676897351029948e-02
-3.927983148439345706e-02 1.973141932819916233e-02 1.166736801657226180e-02
-9.459144823256099635e-03 4.519708465068824482e-02 3.500365439547485635e-02
-6.122523583065427044e-02 6.347657626579239487e-02 6.786292720381702226e-02
-3.483253805452020402e-02 3.042116137234137860e-02 5.767857250041090456e-02
-2.505441189705589697e-02 1.405059084714501728e-02 6.538029943620744799e-02
7.723537476414310717e-03 1.568252294461988661e-02 3.440231283821947733e-02
3.923894353626305315e-02 3.378558367920138621e-03 2.881524537339200456e-02
4.146966992858014400e-02 -2.828964809876591616e-02 8.354409070233974333e-02
4.692311673838900354e-02 -3.025650401835026232e-02 7.983077712332434239e-02
6.803491593892242728e-02 -2.759092885396787279e-02 3.908510157742788038e-02
1.018257369415908054e-01 -5.234995015851979377e-02 4.832841128199975161e-02
1.070996219870663790e-01 -7.893348173742953389e-02 8.830157021954095076e-02
1.484442029072670088e-01 -1.060180538689579482e-01 8.255185766008742154e-02
8.909914609917228556e-02 -5.157338743114497914e-02 7.932753367199019134e-02
7.697904741783323512e-02 -4.563970648940542107e-02 2.318509185827522662e-02
1.210385273394749828e-01 -1.022262290468760604e-01 5.551154162959521729e-03
1.074028705555120922e-01 -4.537739603376785003e-02 -1.150536134613674988e-02
1.046786300138242559e-01 -3.091988014530549361e-02 -3.267738327638912421e-02
7.842532078664389561e-02 -2.087051925578079815e-03 -7.327756170724872287e-02
2.952987890784039907e-02 1.958929027343755611e-02 -4.018664621759613503e-02
7.891472999557844550e-03 2.281293736676133152e-02 5.592374541475017384e-03
-1.595896950447171433e-02 3.067967652565029360e-02 1.248677625325264433e-02
-2.883078527417265793e-02 2.142986209098153225e-02 1.954267436370799374e-02
-2.909162525876817992e-02 1.718536576398845342e-02 1.900664239999689045e-02
-3.826888742374238983e-02 1.421187980342283712e-02 1.341944827379381103e-02
-1.816152068796536567e-02 5.453796179369158753e-03 -2.628505618720133191e-02
-2.697188944627863794e-02 -5.985147029624106677e-03 -9.860077591455179702e-02
-3.538629172647286825e-02 5.140919911935037771e-03 -8.236349587622332491e-02
-1.013082122881807726e-02 -2.107575948068007160e-02 -9.061598875484905280e-02
1.523757860867657951e-02 -2.044703108164442479e-02 -6.350015228070592099e-02
-4.453496182882329436e-03 -6.048826022551095742e-03 -4.104533201281509308e-02
-1.325434196231579931e-02 -4.021428987083287138e-03 -6.729525702484955019e-02
3.065202130318695622e-02 -2.838198794317756124e-02 -6.943808471914011959e-02
3.608393290310827478e-02 -2.147894580026882966e-02 -2.859979937058048857e-02
1.936443631956234063e-02 -2.170047126134741836e-02 -4.652168095424297906e-02
6.047107525616051554e-02 -4.002796216679439800e-02 -1.136624991918885608e-01
6.258389543144873834e-02 -4.327323147873960579e-02 -1.110559216952324985e-01
2.546033058846166805e-02 -2.482213586399151933e-02 -6.200813060362407592e-02
-1.724303181888378264e-02 -1.004863594997474491e-02 -8.197675133207298070e-02
-3.894835346216908578e-02 -5.807716504032280416e-03 -4.629860902923086524e-02
-6.231960575036696315e-02 -5.908985814548729960e-03 1.032894549961890958e-02
-7.672368729705020957e-03 -1.803175182854993563e-02 6.063884382083695873e-02
-5.630675774583781580e-03 -1.247127883436808388e-02 8.106408213260572759e-02
2.961657853221400308e-02 -3.608314912756104692e-02 6.506574803451731226e-02
4.865223514246171110e-02 -4.635803712025678841e-02 8.146596948812304118e-02
4.713640197906295015e-02 -6.365692639187509050e-02 4.150233900527953990e-02
8.675522875679030077e-02 -9.377532674489776066e-02 3.978246696707868346e-02
4.531161158331109551e-02 -8.113021714564061515e-02 2.197930970768759498e-02
2.038375247899148340e-02 -4.416367464534486781e-02 2.897682371831534348e-02
-8.446774076812331444e-03 -2.516441745239601444e-02 7.017131780136409702e-03
-4.047867396155176156e-02 2.633181594815140782e-03 2.382080798263855152e-03
-2.851046449552077297e-02 3.027566872179420984e-02 1.242733329761083229e-02
-3.647586396330853437e-02 4.697579327059713677e-02 7.639182670967882387e-03
-1.557907647788419649e-02 4.741199690330142463e-02 -6.430764139187220181e-03
8.684579203316224313e-04 3.709991914947716185e-02 -6.499266655768834271e-03
1.941585657256042832e-02 4.229592960622662740e-02 -4.954133484486716865e-02
5.751906060946074262e-02 2.464218466674398048e-02 -6.074077861990285349e-02
5.907215158254891518e-02 3.710317504762969398e-02 -9.698262836284504695e-02
9.430495610052569422e-02 3.652833862128380960e-02 -1.290906704702071695e-01
1.122148701032781998e-01 2.472236120769707307e-02 -1.006990985319696358e-01
1.398108222007612145e-01 6.684285572249480320e-03 -6.025222777291140697e-02
1.159975515397322632e-01 -1.721621633424967254e-02 -2.850853105714843197e-02
7.769647287988853956e-02 8.576167448159576281e-03 -3.341114638117645419e-02
3.117436840768011974e-02 3.499251865482477797e-02 -3.077896695915640149e-02
6.999934783661704296e-03 3.614936152717245638e-02 -4.137237816282943875e-02
-2.101796209501239840e-02 6.916955967875509925e-02 -6.639979859374616454e-03
-2.944511341484854633e-02 6.911172049773747772e-02 -9.341813753268608106e-03
-3.635757496582933679e-02 6.578474548539124667e-02 -6.747679758300277088e-03
-2.482124044395756998e-02 4.287814385932533362e-02 1.194693739377329471e-02
-1.712209020366735335e-02 -1.417237224750618517e-03 2.461906355791897497e-02
1.031265481270089018e-02 -8.662204817010174529e-03 5.928136264919406373e-02
3.064061088174100528e-02 -2.981855546523230413e-02 7.184324506566962254e-02
7.657782150935897592e-03 -1.210390310559814053e-02 7.508085932274524699e-02
-2.313634722401293801e-04 -4.870716856361542203e-03 8.303345681718621307e-02
-2.690090104158485498e-02 2.849019901051615209e-03 4.820280351739390096e-02
-4.736024458835912804e-02 1.337740815103446133e-02 3.789335249758870455e-02
-2.989525947957163976e-02 7.001500057719417048e-04 -4.306062332518946663e-03
-6.153426316749330272e-02 1.574972575619303095e-02 -4.374811731566713435e-02
-4.946265386618480669e-02 1.603194409867811018e-02 -1.049276831187377357e-01
-7.971559319499747429e-03 3.014794338213664434e-03 -9.967488404019696213e-02
-3.743424905014736126e-02 1.380003726280212839e-02 -7.440580032397832444e-02
-4.855879861334146119e-02 2.095724938269072357e-02 -3.085639840166712680e-02
-9.498524101193793479e-02 3.949752073015821985e-02 -1.914663049404496595e-02
-9.761916678626833543e-02 5.340576961243747450e-02 3.401770199168480807e-02
-6.653059461201525637e-02 2.315338448843025018e-02 5.812155611346608158e-02
-4.035906099708819889e-02 2.754613562333441817e-02 1.006103697883884984e-01
-3.067264744395853740e-02 2.423520203314785335e-02 1.096776932888239436e-01
-1.140672386355308723e-02 1.232446859853329052e-02 1.086384244019187595e-01
2.061007522588292895e-02 -1.292930478172872946e-02 1.269620034959026700e-01
4.109989020150493777e-02 -1.971406370535181210e-02 1.579279168243957754e-01
2.075734970786803635e-02 -1.413396118613237211e-02 1.440139076004591512e-01

PC4 eigenvalue=0.069758 total=0.7777524293672413
3.041737141080277373e-01 -4.628409819294003746e-01 -6.963359061457218280e-01
5.241582855715215539e-02 -6.221574840507763243e-02 -1.045093783032028240e-01
-3.822809433338081320e-02 3.886353661564490719e-02 9.510588951358945123e-03
-1.242472308726551376e-03 1.169645801009558395e-02 5.260292333542841009e-02
2.097003315606005280e-02 2.305068125521780864e-02 2.478699540006415458e-02
-6.463717206463706275e-03 1.733042891248355241e-02 1.008488118755610646e-02
-9.393718630453174595e-03 2.039604664117890612e-02 7.904405919325249372e-03
1.196226860079482521e-02 2.997982797207383518e-02 -1.722072266074969676e-04
8.130420713735169239e-03 2.051626263307367026e-02 -5.637471003752742710e-03
2.505595451991065020e-03 2.085442604701817984e-02 -1.083381030530078566e-02
5.161686777447367300e-03 2.773051374133039815e-02 -8.972580585291050834e-03
6.494860210548911508e-03 3.216139439177145842e-02 -2.583194843698198573e-02
5.062989873770507021e-02 3.607724664232225126e-02 -6.075735275819137138e-02
7.318224851102013429e-02 -9.068793455108886681e-03 -9.324389675381662690e-02
1.139488038486035221e-01 -8.595118294159491412e-02 5.061672717219194151e-02
5.017208189106956567e-02 2.545501586659571630e-02 2.472890756678028032e-02
2.301317248310668154e-02 2.743741590695196811e-02 1.915960971876161725e-02
1.065183622816917933e-02 2.463208999277395964e-02 2.793826143484400351e-02
4.167501867642336121e-03 1.833309506806305583e-02 2.890917881052879404e-02
-1.514768444951581543e-03 1.624643040105762729e-02 3.615747891941475944e-02
-6.778189399291758080e-03 1.240314743063982393e-02 3.156223074579366655e-02
-1.112322017627404881e-02 2.022685499440256968e-02 1.275637227026023279e-02
-1.379438715687796718e-02 1.886408875847616837e-02 2.664290512986313905e-02
-3.180276615873796342e-02 1.084445838574404734e-02 3.349151366956475834e-02
-3.586051826686637023e-02 1.039671234384863946e-02 2.333470802458675886e-02
-4.319053978888191814e-02 -4.486346439210153053e-04 7.101883594753186611e-03
-2.699638421091890561e-02 1.075892770206998694e-02 -7.053567534603883901e-03
-1.515297632003193701e-02 2.002194958423754445e-02 1.734611140333715620e-02
-2.787098087923108036e-02 6.155178391108677427e-02 2.710808729713548582e-02
-1.248612182909118566e-02 2.328446524865491682e-02 3.076610300815672480e-02
-1.033038884145503176e-02 1.931501649915282406e-02 3.051687211253865592e-02
6.386013374474803659e-04 1.710761596328433387e-02 3.749208577900515343e-02
1.223002497935202562e-02 2.009487600649265127e-02 2.656034743949537910e-02
1.481644640063692689e-02 1.042930647210323818e-03 1.320642728617880566e-04
1.129759581738912395e-02 1.015511049034188186e-02 -1.888878344580115611e-03
1.121307840707676945e-02 9.502872561331794296e-03 -1.260301516029888567e-02
3.453495105903481299e-03 8.533133122787200583e-03 -1.509031574628349505e-02
2.131305912979736955e-03 8.561402997475082641e-03 -2.783334577009317912e-02
-1.081649686409288588e-02 1.488778762203575058e-02 -1.162466951322947348e-02
-1.364119868120304037e-02 1.363791464653038576e-02 8.191815606117395718e-03
-2.313275428943090128e-02 1.508131206610861287e-02 9.351431343992995873e-03
-4.134086666066379839e-02 1.734191220842936851e-02 1.778617162818409148e-02
-4.626186966329141198e-02 1.672894097387583184e-02 5.437543141220161844e-03
-3.318624041131627150e-02 3.025563320289987451e-03 -6.982517651417339058e-03
-3.258283433652814365e-02 2.361535531774251479e-03 8.947821403977996788e-03
-5.154583010151759376e-02 -4.445766058186639835e-03 1.108005478702229520e-02
-5.170332882508761607e-02 -7.668025398135248048e-03 6.310568593328524239e-03
-4.440882045774893760e-02 -9.498071245045232661e-03 1.885152665467353106e-02
-5.867116609566444541e-02 -1.660215174752679296e-02 3.528553083455780032e-02
-5.538882903507257732e-02 -2.123169603646168219e-02 4.021635746048336096e-02
-4.832801995122455035e-02 -1.827094679468651423e-02 4.073144733257625522e-02
-3.618150091605450147e-02 -2.344016638870017460e-02 5.310683616697568776e-02
-1.417346581956613338e-02 -2.459486943972407150e-02 3.338220137904896606e-02
-1.590338031730040985e-02 -1.275110033008593387e-02 3.324896852072139336e-02
-1.641518565086583009e-03 -2.156700926215202735e-02 4.159745458514478578e-02
-1.451737805487358576e-02 -1.100997800426736870e-03 9.143775372004983928e-03
-2.321303957945164420e-02 -8.055145559853980550e-03 3.170536057291354444e-04
-2.865684224997441104e-02 -6.615364390669623701e-03 -1.495761104939020286e-02
-2.204554560251308429e-02 -4.649360830617990138e-03 -1.995134765107668684e-02
-1.944818487179366187e-02 -8.331150211810319992e-03 -2.383432028686469778e-02
9.918208069926608746e-04 -1.085889937505112902e-02 -2.903588395015661849e-02
-3.356399712583954011e-03 -7.161882828402104620e-05 -2.384438271562303036e-02
7.475759145097419546e-03 6.889671163535475949e-03 -2.111126586552791035e-02
1.957830613071254861e-02 4.247623431333800124e-03 -2.219868576014950162e-02
1.601915259919300255e-02 7.753863095908780645e-03 -1.464062618033656372e-02
2.215381252951486787e-02 5.490593987167982117e-03 -1.056830981326244666e-02
2.113129834457267570e-02 1.315249289756600763e-02 2.959730821416739141e-03
2.056056144600908187e-02 1.173348451089629291e-02 8.214310721943691301e-03
1.939344161648975245e-02 1.304948114953467971e-02 2.485461396384823149e-02
1.226723039440103143e-02 1.995790251930406461e-02 3.089447348627231971e-02
2.001203041794258342e-02 9.381640455917647503e-03 3.843036603807859636e-02
1.339172248605569222e-02 -1.801882546504620167e-02 3.865159029583933870e-02
1.825202425860919520e-02 -1.990056172429077383e-02 4.664524560998505737e-02
-8.952337689612037061e-03 1.357867226016853598e-02 4.098374832143162477e-02
-3.219609675311750109e-03 2.445441570464657044e-02 3.138605317264201583e-02
1.597939855992287078e-02 2.317793592633016556e-02 3.783364968235955472e-02
1.841238561455127085e-02 2.319303035880046146e-02 3.119729363899204078e-02
1.493240964470815037e-02 3.242183982621053839e-02 2.694411150791746132e-02
2.516442604424294974e-02 6.908812031495063788e-03 7.182223244285715520e-03
2.406296043589896405e-02 2.460705475986012941e-02 -6.734350524826801868e-03
1.122523108409591470e-02 -1.603292488827381436e-03 -9.376502046721125333e-03
2.073531545461484993e-02 2.833009645772779916e-03 -2.037948236593127571e-02
2.150652038584864242e-02 -8.089551861199665780e-03 -2.269601311016700498e-02
8.917594319365331965e-03 -1.015435055465710619e-02 -2.966042837538977392e-02
-2.490098171934391254e-03 -4.204671749977811727e-03 -1.923028681208358015e-02
-3.518439256045864574e-03 -8.339457345105102254e-03 -1.775004080215021943e-02
-1.086198914675097667e-02 -5.393100390393828873e-03 -9.632872275651495342e-03
-5.411297273007624128e-03 6.747876704849932255e-05 4.996191550667028990e-03
-1.032002198756449760e-02 4.302013110113735335e-03 1.658916661366175230e-02
-1.989795085043576106e-02 -7.490076687769348443e-03 2.582642459648461578e-02
-1.566767512314863608e-02 -3.639587216155676375e-03 4.370507939639086542e-02
-2.134335024159899133e-02 -1.347334023498384867e-02 4.366443988035528800e-02
-3.273907024840821273e-02 -1.309866457718444031e-02 3.743214837987233340e-02
-2.490548599457622844e-02 -5.768691294548243705e-03 2.958285851467821678e-02
-1.759952016217354934e-02 5.914961845216609206e-03 1.812068651066642971e-02
3.936423463185460131e-03 1.233148133720782073e-02 2.106028776391345378e-02
9.134789773847832098e-03 2.606882064273709221e-02 1.214302824119419151e-02
7.063081538048753688e-03 9.969311432884471122e-03 -1.020308075309264359e-02
4.475757946130885789e-03 2.544901240484021172e-03 -8.110504478710757817e-03
5.575076409930328387e-03 -1.200181137446543894e-02 -2.633066431447531400e-02
9.540787581622741514e-03 -2.113812544537391550e-02 -3.571977379419213894e-02
9.431270441665971435e-03 -3.217043404156876701e-02 -3.276086638995527600e-02
-1.887642066489050863e-02 -2.636273664747757275e-02 -3.717182715486969796e-02
-1.650268652766833169e-02 -2.939602211719260713e-02 -3.422466024626607400e-02

PC5 eigenvalue=0.032182 total=0.7777524293672413
2.699917964435696316e-01 9.766243066768813541e-02 -3.137837716901520357e-01
2.082323158867244173e-02 9.183961174204774772e-03 -7.290150423264664392e-02
-2.680996026674940108e-02 2.688254771845230429e-02 -3.839867551482527980e-02
1.062922745429754033e-02 2.978994685554724881e-02 -3.450217029120258849e-02
-1.171479632327487169e-02 -6.586571853639918567e-03 -1.861640555805563202e-02
-5.730012619380587223e-03 -8.923012674617276235e-03 -8.982392670911620164e-03
1.747322732720509378e-02 -6.350294145372652535e-03 -5.642978353086454055e-03
1.798722162042700259e-02 -1.599464017220354403e-02 -1.615846951761980852e-03
-2.795981348413854525e-03 -4.632788423898568514e-02 1.543962568795337852e-02
1.243746504066683273e-02 -5.173484046000799419e-02 1.981263114222706415e-02
-7.788050722838960266e-04 -6.271721222297858833e-02 1.730426007501933289e-02
-2.116855596396434447e-02 -6.195870681768044647e-02 4.949540487438193470e-02
-1.563951728247222339e-01 -9.584804226887967682e-02 9.118366722346014919e-02
-2.379305538197271364e-01 1.228708040614878982e-01 3.357117610096197469e-01
-4.407683179670018880e-01 2.870185337822646066e-01 -1.689321356205910618e-01
-5.200232970317571202e-02 -1.392877570067384552e-01 -1.633758298354570371e-01
-1.907700140085426266e-02 -5.094494092637389532e-02 -8.743235224573756015e-02
2.465266619385746497e-03 -4.034632437474837408e-02 -9.732290166996859782e-02
-1.491478396872305580e-02 -3.654841247470430599e-02 -7.138265863242876375e-02
-1.414716240129010490e-02 -2.440094777009347432e-02 -7.591849591390358032e-02
-5.686097027961821426e-03 -7.136662885414053921e-03 -6.872663318205153582e-02
-6.148786846589907604e-04 -2.078455275134604915e-02 -4.498181132264449100e-02
1.109598900025302601e-03 -1.656074520136056882e-02 -4.613463034904057014e-02
1.609718170747340138e-02 -7.205094475370810853e-03 -4.865000508813464158e-02
1.809624838814403308e-02 -1.175807486928965792e-02 -3.200567868892861129e-02
4.613491789172085439e-02 -2.138358829044825771e-02 -1.890194240966480005e-02
1.252023741084206006e-02 -1.622875253234319637e-02 -7.678962698370947991e-03
9.765920644317216751e-03 -1.326677703692340574e-02 -1.341669214344508136e-02
1.151968901780506607e-02 4.776735534928325255e-02 -1.191426292417204630e-02
1.936690347820597957e-02 1.761576100969449755e-03 -1.875591176637357582e-02
-1.153002936076356205e-02 -1.869763737695562819e-03 -9.977076641949437705e-03
-3.212628256671143899e-03 -6.261211096134011375e-03 8.858753519109186653e-03
-1.811502461491638297e-03 -2.306691020345925242e-02 7.652484644832631064e-03
-2.487172198653680479e-03 -2.042973528379189718e-02 1.497490858150540317e-02
-1.597321297926984802e-03 -3.115277563752312170e-02 1.581959477313481938e-02
-9.747269394620228017e-04 -3.196716379524931068e-02 2.762678953786330133e-02
4.921721656605441454e-03 -3.469308018435297153e-02 3.020289583111284565e-02
4.631332960901823198e-02 -2.363608274669752943e-02 5.751680449551548752e-02
7.037511074281062318e-02 -1.702368727148819913e-02 1.620623069964554144e-02
7.010383161960068166e-02 -6.727616326407625386e-03 -2.947164795094606854e-02
5.097552303584177574e-02 1.126339379487217504e-02 -1.470989022096974748e-02
7.501347287057426316e-02 7.683795383469924425e-03 -3.078317438382532564e-02
8.687047201766612270e-02 -1.123495251431538139e-02 -4.381454388779449510e-03
5.398914313372129431e-02 -1.338260468900093637e-03 1.833064399993401469e-02
4.197850485140917909e-02 1.476833924258234149e-02 -1.584930703981596127e-03
6.185582529233155796e-02 1.270486973097324605e-02 -5.980327427853664949e-04
4.965209191391390525e-02 -6.191690922953897898e-04 2.253662833222846301e-02
2.904465211951846870e-02 1.816513020350050620e-02 1.911148457161006634e-02
5.565724903554647440e-02 3.102289428647014846e-02 -1.608457044525964108e-02
2.047493729023446701e-02 4.674094364969519355e-02 1.000433010590789408e-02
6.589462486547923402e-03 3.719806826050413989e-02 1.413906511249742731e-02
-1.397039422291916373e-03 4.737666678124241582e-02 1.144955171490928333e-02
-1.355288249795350702e-03 4.962369698222034858e-02 1.004494668930497672e-02
-8.513185756523728581e-03 5.711022542160693743e-02 1.803467872576737518e-02
2.916019327089387856e-03 2.514739796399212760e-02 3.367751911415106658e-02
3.540355614702850491e-03 1.802391953559949120e-02 3.332894859348781158e-02
4.943279294379104502e-03 1.111632829880250355e-02 3.336356265327364290e-02
-5.867003325264920902e-05 7.447699400342673408e-03 3.205144962285661620e-02
5.984887938436170285e-03 1.146285076162173108e-02 4.293255221726179072e-02
-1.057923599278486537e-04 2.863814044128213179e-02 4.825726649429777637e-02
-2.474696804746602530e-02 3.078836236632502207e-02 6.659934782615298254e-02
-1.939196692785355143e-03 8.668473637238341412e-03 4.155122320894161919e-02
7.930004333788723270e-03 3.828195614479559632e-03 4.471746534528062145e-02
1.356526940659936314e-02 -8.857185810356972555e-03 4.577388724140229320e-02
4.612789213934769157e-03 -3.948635487126238297e-02 3.319551080738947918e-02
-1.638092913142188967e-02 -2.913787243991651510e-02 3.239592766905897286e-02
-6.653742213175686121e-03 -4.821647656012215122e-02 2.927297490211420647e-03
-1.414127266257565220e-02 -4.051128399120850626e-02 9.209046592462320443e-05
-1.338158330831144133e-02 -3.204962594721414565e-02 -1.814051357702123682e-03
-1.585116248698695621e-02 -1.377908845626318012e-02 -3.310688137474332264e-03
-1.856158271450980904e-02 -1.298815692965620515e-02 -8.512419284634817687e-03
-2.723567467076654786e-02 -7.883129510116784755e-03 -3.582383112509228678e-03
-2.273160856889813730e-02 1.187327605286863340e-02 -2.220010956123230628e-02
-2.593091280364096668e-02 8.173950462678807732e-03 -3.030792118500259119e-02
-2.500748562978475850e-02 1.005782259565156465e-03 -3.564780501604336571e-02
-2.737471146509809494e-02 -1.086615082830211590e-02 -4.331589951499026370e-02
-1.368105919025366587e-02 -3.045422992576493279e-02 -3.574132584923618572e-02
-5.239398143404252160e-03 -3.936870573183655353e-02 -2.599672776988669678e-02
-9.181712553953847930e-03 -4.400530412707159833e-02 -1.412606906253507759e-02
1.289710659721757767e-02 -8.200482083246181386e-02 1.693694162180183621e-02
1.251727555633886518e-02 -2.304668106002048453e-02 3.520551273212907395e-02
1.160583579194297311e-02 4.138424438484814352e-03 2.003401932912456454e-02
4.318507518838759357e-03 2.180172136386676011e-03 3.209148363509264912e-02
1.380680329956492699e-03 3.471503831347246601e-03 4.154862609904552695e-02
4.799054732927836124e-03 6.048350890232302018e-03 3.806188368008684569e-02
2.610174411847286571e-03 1.605295500188090672e-03 3.348441300127935616e-02
3.932822231032350249e-03 2.931015199938992761e-05 2.586397370695518380e-02
2.908101820088689841e-03 1.374255481385625900e-02 2.101823432953038584e-02
-4.575794228913033601e-04 2.085720874841829123e-02 2.339446126761492856e-02
1.263172425131181900e-02 2.767166722281239055e-02 5.168077416065505920e-03
1.502250582216164282e-02 3.629247716272674534e-02 3.641642873734749972e-04
1.756073597274447617e-02 4.257385356516394520e-02 3.449362549832563248e-03
1.843217263026175959e-02 2.767729399999170961e-02 -5.249110585666352628e-03
1.486036932626301314e-02 2.587908984092869569e-02 -2.201925836252554593e-03
1.151727950770808570e-02 1.745452835660019075e-02 -2.631041097537228056e-03
-9.121802774131281683e-03 2.058079549467869973e-02 -2.368056542412472903e-03
-1.406212274840655183e-02 7.553197806464359912e-03 1.270755155456500599e-02
-8.897697776829131822e-03 -1.558681558819376102e-03 2.495518306399210212e-02
-8.339078966053488709e-03 3.345692753475906604e-03 1.811938617818682762e-02
-5.644117504521141589e-03 3.179883745151965407e-03 2.482722557410442510e-02
-7.587921397789686682e-03 5.670606616207907527e-03 3.158522327129303919e-02
-8.602407955640753445e-03 1.215441852099643193e-02 3.287173553758238054e-02
-8.744706113209968837e-03 8.839609793168667906e-03 2.386413452063184185e-02
-1.764725097709734028e-02 2.281686519290601622e-02 2.669709772395153363e-02

PC6 eigenvalue=0.029762 total=0.7777524293672413
5.845663468869668478e-01 5.112876908596671877e-01 -3.666061280860530291e-02
1.554330503752019421e-01 -4.612524444682494611e-03 6.004199410035360174e-02
-1.130014972652173752e-02 -2.871658756435735774e-02 3.710548803518482625e-02
-2.021802870064471833e-02 -3.433822617834980662e-02 5.194612965638144286e-02
1.587899209145484172e-02 -1.421828003671147395e-02 1.957438429507268179e-02
-6.982424333979866428e-03 1.960548709443474605e-02 -8.117875062703918537e-03
-5.109596318810066123e-02 1.431996756463121100e-02 -1.845440698048907797e-03
-3.261980307729745593e-02 2.667268172137046700e-02 -8.516308382713264069e-03
-1.107931804911498758e-02 4.497227344957009654e-02 -1.008423780434778913e-03
-1.361962524326625415e-02 2.201808587263941533e-02 -6.142274537574501057e-03
-3.527732621706030497e-02 2.623677152524304945e-02 -9.172989345402417921e-03
-3.087053290028969263e-02 3.303495215617580777e-02 -4.653956248004584295e-02
-9.690125481718041278e-03 1.374502800360761362e-02 -1.161839439620781234e-01
1.103533924160842068e-02 -6.297458762811186314e-03 -1.033001814269673829e-01
8.179666294241555446e-02 4.531722677605495853e-02 -4.105876477860971596e-02
-2.312171107228539607e-02 6.774704861591444860e-02 3.558237649227123656e-02
-1.623652693676258876e-02 3.304668551510692859e-02 2.290505772879419463e-02
-1.990312120971039420e-02 2.970421309348983060e-02 3.068135237578724708e-02
-2.541635679581191222e-03 2.990576539370091644e-02 2.235338251554313052e-02
8.982860446874676649e-03 3.059974193232978951e-02 2.597541899805769217e-02
6.336369100107948522e-03 3.587612321273374316e-02 4.261825968466185360e-02
5.655876190765098815e-03 3.113352965246293791e-02 4.133976499712461311e-02
-1.578730918375862314e-03 1.525241879745368664e-02 4.083977363258433496e-02
1.596535567741369857e-02 4.110410012702295918e-03 5.259603033518851084e-02
1.207846735428115895e-02 -1.272070359275195503e-02 5.630088814078729187e-02
5.671975922300251036e-03 -2.289259270319938047e-02 3.800030858108031234e-02
-5.269562919729757836e-03 1.476201440779505158e-02 2.119406435994369495e-02
-1.062144614320467695e-02 1.735952607142911492e-03 -2.359744769051541971e-02
6.950309586825942874e-03 -2.676404153267323283e-01 -2.533984595770044645e-02
-1.271486834648585459e-02 -2.154226760500003307e-02 1.523821304494834931e-02
-6.528147244541509207e-03 1.810316476211083336e-03 -3.811030774378830477e-02
4.713517870051984852e-03 -5.490745216258015836e-03 -2.427203037777451652e-02
5.502318993458996457e-03 1.140549578870525549e-02 -2.935362321740717789e-02
-9.116119579906071732e-03 5.705642182184531702e-02 1.237870053820243864e-02
-2.353133798846845579e-02 3.142579359093342767e-02 2.777760886326878422e-03
-2.921782813255217187e-02 3.222045435963906412e-02 -9.081850775678286178e-03
-3.145482685545629431e-02 1.520005906660291603e-02 -1.691432673787556309e-02
-4.111862354505673584e-02 9.161001798781091832e-03 -4.407011797475952203e-02
-7.177749822097609367e-02 3.833147100993436560e-03 8.569611425222606674e-03
-6.404815561471396967e-02 1.933991198881521156e-02 4.983082928204204259e-02
-3.671510458745293193e-02 -1.297986562581288951e-02 3.182412193304892667e-02
-7.742486455901037568e-02 -1.370623461021854223e-03 4.815485771968624346e-02
-8.765880480279329701e-02 2.107152026323365346e-02 9.865894619926238868e-03
-4.690417301389417093e-02 1.834602902533322491e-02 -3.258038311249264202e-04
-4.572309499925674564e-02 -2.752019293498341596e-03 -1.186055803278529726e-02
-2.709957409732321673e-02 6.440661267798854575e-03 -2.179088027282925777e-02
-1.337827398825757602e-02 8.729150043663197814e-03 -2.376260461075624733e-02
-1.276167604211435151e-02 1.666491111089596269e-03 -2.223944759173944116e-02
-1.022469324027429002e-02 3.052398291482610621e-03 -4.416882545089292900e-02
-2.836582790858425962e-02 2.919116600607854928e-03 -4.068021364023479552e-02
-2.459058316220912033e-02 -1.330139534459907728e-02 -4.217883177927359006e-02
-4.262592677620977155e-02 -2.768460343547952604e-02 -5.402678053347038933e-02
-4.029151004800461677e-02 -3.249501153128853126e-02 -5.763810641122311951e-02
-4.928535528086600698e-02 -2.388378939817710489e-02 -3.939747538790442510e-02
-2.525336200373706069e-02 -2.892447661744395465e-02 -2.418595057605288021e-02
-1.024689210136327765e-02 -4.440632573338309380e-02 -1.048356761120044535e-02
-3.862845018991275733e-03 -2.960337627936173929e-02 -1.204221100930255757e-02
1.971036921797774191e-02 -4.719786327166329565e-02 2.455938233443406924e-03
3.621199369362539805e-02 -4.512377646326796304e-02 -1.441586018820323681e-02
5.784846879790739999e-02 -5.322476641593788110e-02 -2.064799772364444425e-02
5.164092393332660874e-02 -4.544072200697750474e-02 -2.367342185121917852e-02
4.503194545575513186e-02 -3.608415254891443602e-02 -1.831967529428206801e-02
1.878924364268363956e-02 -3.135953711527917492e-02 -2.455638487324107722e-02
-7.071331639990875544e-03 -1.369816365201031484e-02 -2.331055044348584807e-02
-9.093426899686915185e-03 9.215507090064651435e-03 -3.358077715019853766e-03
-1.664841910980936063e-02 2.534749263375400685e-02 -1.137271789871341756e-03
4.152239769456447078e-04 2.684258268393959618e-02 -4.252870311838982328e-03
-1.771069941847838725e-02 2.013861839531385506e-02 7.325184216423388101e-03
4.123488394727220334e-03 2.764138758785597560e-02 -1.319682704979109264e-02
1.324271465218946134e-02 -5.088637205300908239e-03 -6.960435232034303289e-03
1.606245472048225056e-02 -7.478533719368300053e-03 5.166735096435645918e-04
2.082659264955230571e-02 -5.863405655690702434e-02 -1.205774190600549488e-02
5.634716638079958345e-02 -2.871287502296401839e-02 8.494877876014605110e-04
5.322356394576285149e-02 -5.499367065608461863e-02 -2.102022751070271173e-02
3.873200560057536018e-02 -2.371271079054550202e-02 2.253369778764209574e-02
3.804967958102944275e-02 -2.253117848832708950e-02 1.875569166785046385e-02
-1.016646725883108525e-02 8.023297785926704340e-03 1.908535674499974022e-02
-4.318574585637844146e-03 9.463387835104199522e-03 1.514011937378309351e-02
-2.227173205323127250e-02 4.985706526793486082e-02 2.866380646167360560e-02
1.500815102686291072e-03 8.036887898533383312e-02 5.196544915413181011e-03
-9.832062030225234561e-03 4.546552525246689430e-02 -4.513106565146971991e-03
1.747018437390711332e-02 -4.556243146795236633e-04 2.605437811105627485e-02
4.290843045350999085e-02 -2.697523499174326461e-02 1.080521649087167607e-02
3.892549095401594966e-02 -3.233652960155952716e-02 3.833487111739827813e-02
5.248050752803767177e-02 -4.174646375815762450e-02 2.272648873043884091e-02
7.079107480251368469e-03 -2.418059329968083246e-02 2.261322348744028779e-02
3.295745922846904461e-03 -3.229167565813963192e-02 1.464138023901909516e-02
-2.601148556457776387e-02 -2.206068911673753075e-02 -1.666308195106589243e-02
-2.650615474562879881e-02 -1.986932676716863036e-02 -5.797197601967567400e-03
-2.008372394000638647e-02 -1.547749440855696566e-02 -3.399877240562301089e-02
-2.463083713010481152e-02 -3.006748938328118390e-02 -4.014877001137814871e-02
-3.100564372861981666e-02 -1.981233670569921071e-02 -4.668827229354659270e-02
-3.071731505402654910e-02 3.785996663071948716e-03 -3.620483419021818666e-02
-3.884252510494647787e-02 -8.467265371663356202e-03 -1.045611475912370603e-03
-3.157288664414486384e-02 -7.989735276688185797e-03 -6.171503534004725913e-03
-4.133069608143446344e-02 -2.792262955162637048e-02 -6.237015538418275509e-03
-4.016317405483886549e-02 -2.803322386048124129e-02 -4.209188410804694941e-03
-1.629193775210125567e-02 -1.480679531365675095e-02 2.553966679662959122e-02
-1.510123473335503105e-02 -2.535422596817922536e-02 4.107416441906483473e-02
-6.546467478060395348e-03 -4.072021196543453708e-03 6.092311096015982919e-02
1.918566955653581193e-04 -5.424488179490817054e-03 5.780133931108429046e-02
9.826600836905351882e-03 -2.263247452597078394e-02 5.742485345198508617e-02
4.731798826961760435e-02 -4.266777568837301637e-02 7.243866256692446659e-02
8.042528145874958123e-03 -3.911454407242051512e-02 3.405670529724446477e-02

PC7 eigenvalue=0.026252 total=0.7777524293672413
-1.307894430942278530e-01 -4.381725852494292028e-02 1.221473456890439513e-01
-6.871325216904901334e-02 2.824288332370322382e-02 6.366461293210146088e-02
-5.035268844247930281e-02 1.950055500957149218e-02 2.419968459626007512e-02
-4.300227719277138760e-02 4.862778683557697490e-02 1.529431586199044187e-02
-2.955473770515477244e-02 4.008802013073671511e-02 1.734163777861160230e-02
-2.976212906215393653e-02 3.187696003920337945e-02 -2.273555275844076672e-05
-3.896208863859561278e-02 4.314708983132609088e-02 -1.747716092062911661e-02
-1.614340787187924092e-02 6.846275760693115719e-02 -1.746786075524113871e-02
-1.351935835811275168e-02 3.648075548464293355e-02 -4.862298749218859836e-03
-2.305935538121094835e-03 3.084494759924020363e-02 -2.012061551741244764e-02
-1.714049200610078677e-02 5.379633144506473785e-02 -2.407830449546984053e-02
-2.767886543884339953e-02 7.331789132486551952e-02 -1.938262667576690426e-02
-6.628612519315064955e-02 8.514157897600517499e-02 -3.531874791235671551e-03
-8.745068060808060262e-02 2.032109727896932172e-01 1.855510724685550117e-01
-1.839049120311581631e-01 3.054384358194070503e-01 -1.070059368182699755e-01
4.276583906109644034e-02 4.259314771357403107e-02 -6.900735417383184467e-02
4.784620527936561674e-02 7.606694892734804092e-02 -1.758902201521512706e-02
4.443969067625602037e-02 6.198931628513537628e-02 9.612110502420020616e-03
3.485286251110621125e-02 4.384828221850466806e-02 2.077527595777932737e-02
2.681167141318497801e-02 3.236308047329672366e-02 5.234285757417980051e-02
2.084677185747996209e-02 5.940644002535210716e-02 4.803008522465049279e-02
8.103049389733671740e-03 5.247191736744011292e-02 2.991658041468897231e-02
1.786111328579701374e-03 3.080587193432586177e-02 4.444523308549575696e-02
7.327365532868907599e-03 2.227856927805060491e-02 6.624859193645331323e-02
-1.146618477431703663e-02 4.370538448431868228e-03 6.319529337505835898e-02
-9.850210844210186001e-03 -1.634864884390931430e-02 6.720615263145073015e-02
-2.132351748967513047e-02 -1.536767329629841299e-03 4.169273162206234284e-02
-1.410520407125994205e-02 3.052383911248305205e-03 1.088661675289746660e-02
-2.427936279109787696e-02 -1.964780159453254071e-01 3.995761835916200599e-02
-2.673543475347991971e-02 -3.598997933591100568e-02 6.112111134227103670e-02
1.185046623864508507e-02 -2.889120225244026785e-02 1.147498225439573874e-02
3.440549906627080046e-02 -3.045574356675801939e-02 1.711055193757058876e-02
2.653803223847767123e-02 -3.182679082073372467e-02 -6.892678375948551976e-03
1.531401814529696412e-02 2.475981908378878729e-02 6.334143781823391162e-03
1.957514737416985590e-02 2.696617014075165103e-02 -1.644793935720312988e-02
1.732313662238889329e-02 4.919771770796729088e-02 -2.083494411140048713e-02
8.697934047000727142e-03 5.776883334962091415e-02 -3.950538273453137877e-02
2.547750113521114398e-02 7.346068293101640223e-02 -5.245326650865085594e-02
2.103564806752824742e-02 2.762386249245106160e-02 -7.529614291670802539e-02
-3.050279701403715849e-03 -3.443260308040315548e-03 -1.303277305414392018e-01
3.111435537212522973e-02 -3.931457892303237556e-03 -8.904546569159053904e-02
-4.601289788851922746e-02 3.767170441225595472e-04 -6.612773334220219124e-02
-4.627711724889407158e-02 -3.976055661509703826e-02 -7.378966260346098149e-02
-4.053693881314770348e-02 -2.950192565563661967e-02 -4.838963508050145301e-02
-6.781605361187714731e-02 -1.328062659087843496e-02 -4.100680447671554291e-02
-8.331692185144741469e-02 -5.199837257440739768e-02 -4.333871114017685822e-02
-7.381106196852678381e-02 -7.348791459705257545e-02 -4.350289845828410329e-02
-7.201854775217755855e-02 -7.152712518287276944e-02 -5.923576712460120255e-03
-1.102254946602125030e-01 -9.225256971606857204e-02 7.408446389611592943e-03
-1.182696676838165956e-01 -1.104915555188330095e-01 4.326812024267392282e-02
-8.576662120296051073e-02 -1.031783624550922374e-01 4.868909070997121807e-02
-5.984777887894636439e-02 -9.837038317054010161e-02 9.089657689956635866e-02
-8.072607192013712962e-03 -1.007307950288515025e-01 5.625906710286059098e-02
1.457740380829436119e-02 -9.333896545050297811e-02 3.263292360026974481e-02
2.292710576416116981e-03 -7.482797775817380537e-02 -5.160291643229643495e-05
1.019347922298182363e-03 -5.097314670056418695e-02 -3.618698421281417443e-02
-1.877619573859548238e-02 -3.928795295554497746e-02 -5.256927030667962741e-02
-1.814690290872996575e-02 -3.049955953498919778e-02 -7.175610498427516248e-02
-8.481408389952276375e-03 -9.598119153768815831e-03 -7.474046427345447385e-02
-3.321882998073914101e-02 1.828518194701425625e-02 -8.804782522635223874e-02
3.840362283912817677e-03 2.389363295559616615e-02 -8.115953251952034986e-02
1.330235465248729917e-02 4.266527386444017578e-02 -8.709408950886908529e-02
3.832548082820232127e-02 5.256628761305530417e-02 -6.611901762252879455e-02
5.981550344118525403e-02 4.880224714844168254e-02 -5.004405078695178116e-02
5.335680782556427582e-02 3.640025246521726154e-02 -3.343122358919553561e-02
5.601981438937937707e-02 3.415735778193817324e-02 -1.117682322481472479e-02
5.560575038342276122e-02 1.525574463357894789e-02 -3.904547692733585738e-03
5.227829796120725403e-02 1.552630338515362078e-02 1.514502501550621383e-02
5.797085186118726419e-02 1.990767889231326217e-03 3.194227162668957648e-02
5.961434929336685562e-02 -2.616739285945041821e-02 5.562228177997595446e-02
7.398640879545767546e-02 -3.200751970068965030e-02 9.254793582091963566e-02
7.167891317813816776e-02 -3.076631327610888228e-02 1.197157196244969107e-01
5.867954089915828481e-02 4.791710752541330706e-03 1.095695091636550017e-01
5.119960834186495363e-02 -1.984338469828172968e-02 1.142561562375706552e-01
3.537486584383996852e-02 -2.438774319007369629e-02 9.948600423803478920e-02
5.115405811527010127e-02 -2.809614974273570362e-02 7.952984361893204734e-02
5.158031136742764755e-02 -1.505231179942717774e-02 5.952406038028412033e-02
5.023900759389895998e-02 3.859399030044351198e-02 5.574495195086413141e-02
7.956406986012101723e-02 2.540300192521979458e-02 3.659297034669995331e-03
1.009608471338437757e-01 -2.279813352552732819e-02 1.498846308281905591e-02
1.252387024306418628e-01 8.152773674243338556e-03 -1.967938732564302601e-02
9.035952932771550150e-02 3.701271207262049005e-03 -3.329718849640308370e-02
8.261206162364326255e-02 1.911594219851910775e-02 -5.648531036716906983e-02
3.808420151952831428e-02 8.752769135086440819e-03 -6.823217401960475492e-02
2.222960707296511851e-02 3.676032858346365857e-03 -6.670432188555680542e-02
-3.375718922093515033e-03 2.377606687832429025e-03 -5.653124820977595971e-02
4.516268756688934967e-03 -2.326262363223468438e-02 -5.388983946887952736e-02
-7.202749897644011683e-03 -2.704175563987541719e-02 -3.806240023761501418e-02
-4.396242514712330775e-03 -3.277876881881408577e-02 -2.634211791057736261e-03
-3.490755814942592128e-02 -5.494657364484879097e-02 1.826454745366800497e-02
-3.031924425993669583e-02 -5.768084915221371317e-02 6.726273960620482439e-02
-5.315390187789589826e-02 -5.647262528427123007e-02 8.527533812638049548e-02
-8.954817565029093984e-02 -6.343459343586881072e-02 4.198281004975139286e-02
-5.923498755749313088e-02 -3.910819535193720692e-02 1.901736026896376150e-02
-3.697678538127047165e-02 -1.058255715278615984e-02 -2.153685258798013202e-03
-9.523915816552225994e-03 -1.455908934635973115e-03 1.336377187651131143e-02
3.760850394010318339e-03 3.471355545730664838e-03 -3.133483195579463490e-03
2.370626844541893347e-02 -1.209071838957429326e-02 -2.054056677119846241e-02
3.210933889892025189e-02 -2.490289038720066433e-02 -2.568759743989375288e-02
3.420349227001214659e-02 -3.307946484053644366e-03 -4.342049200872559467e-02
4.176809409826680308e-02 -8.459199092420630756e-03 -6.529007282344227725e-02
4.610085192533608378e-02 -2.956744331339903817e-02 -7.415539977654278525e-02
3.827102672969293767e-02 -4.063120296069095555e-02 -4.669341362739447276e-02
1.410101370685075926e-02 -4.485423391945588499e-03 -8.299514048387034854e-03

PC8 eigenvalue=0.019218 total=0.7777524293672413
-1.373857281170327849e-01 -2.630666538316495107e-01 7.202457483137068850e-02
1.956096963716266388e-02 -3.595762645228330751e-02 6.048095627707048699e-02
-3.168043006633397118e-03 -1.797390394993534854e-02 7.504461253269699428e-02
-1.644693908035209026e-02 -2.117519504891422766e-02 7.520021830202165691e-02
9.103098073612633789e-03 -6.648774147732290467e-03 4.650041607751708578e-02
-4.435054936283541922e-03 5.045544921726640222e-03 3.483304138711727088e-02
-2.104181045212014448e-02 8.232013636750457747e-03 3.928428783981385147e-02
1.621363782740075895e-03 7.414112137331308264e-03 3.010937547490432145e-02
3.835027113423164491e-03 5.456288692687286113e-03 7.988610943610987896e-04
-1.358571881203451612e-02 -2.288220507161842568e-03 -5.361113403545047888e-03
-7.520241017433332981e-03 -8.158202622001644450e-03 -1.019784136500290553e-02
-2.395972232492749043e-02 -8.418932796865987757e-04 -5.561499572962644300e-02
-5.251580148315836138e-02 -5.814992780792616750e-02 -1.571269124897801406e-01
-8.619178107109710940e-02 4.579857204876171956e-02 -2.809976729296329370e-02
-1.026498409677210483e-01 1.442512435462757481e-01 -1.482530155264261129e-01
-3.486342953849445869e-02 4.102760921197281217e-03 -9.918629213218649321e-02
-1.753366826290980382e-02 1.470280606478048188e-02 -8.326368850504066443e-02
-1.486996248468434867e-02 2.386449347190536426e-03 -7.617153957968048061e-02
-1.906452839060090651e-02 4.846526609552684675e-03 -4.810543482616008032e-02
-4.384091659114477263e-02 -9.324627613856341021e-03 -3.316084723676534368e-02
-4.735850244299744799e-02 -2.329023680006671575e-03 -6.020576433243849529e-02
-5.426092826314356243e-02 -6.202259912068398134e-03 -3.262748288373608363e-02
-3.023253287518379989e-02 3.053967005592120396e-03 -4.941625496830866909e-02
-3.508859132244827178e-02 -7.799716745317170769e-03 -4.526854995373642138e-02
-3.492263112438825923e-02 -4.299437462077422903e-03 -3.672460185593902360e-02
-2.916979618142619829e-02 -5.313538673143548228e-05 -2.468015383879357261e-02
-2.844578828885216751e-02 -2.141045699185584184e-02 -2.059096716209863828e-02
-3.362566035252369939e-02 -2.050864779822750977e-02 -3.785359280041803581e-02
-4.278102947441456833e-02 -5.422459676559394232e-02 -3.689529014747446739e-02
-3.773163347469457585e-02 -5.144800553200707532e-02 -2.545892693983594149e-02
-6.134719668060752834e-02 -3.534208439648907352e-02 -6.851825503787450922e-02
-1.429892279377715505e-03 -4.148900936418765950e-02 -3.172163451564605132e-03
1.621896267973643377e-02 -1.622673942616579060e-02 -1.172899234375658628e-02
1.421402131928309505e-02 -4.024405447840774530e-02 -3.811533653693725820e-02
9.790918168460832974e-03 -3.838148740930564726e-03 -3.093780075420445724e-02
4.958941580191745906e-03 -9.032683560079834625e-03 -4.914003233515205210e-02
-2.725298696239507584e-03 -5.084013708370087488e-03 -4.693220668446839577e-02
-4.513113479755495767e-03 -2.158356794200363190e-03 -4.729301822172772563e-02
-6.877232754210076127e-02 7.698240135009251639e-02 6.248783947394558058e-02
-6.406639462505835103e-02 5.629896622100890452e-02 2.607892293258599059e-01
-1.176098270615433539e-01 5.783697896198530114e-02 2.400214963482486530e-01
-1.333404145947085229e-01 7.956037118514573681e-02 2.490627782286970460e-01
-1.612654963283507159e-01 2.022442179031048726e-01 1.564361472094519534e-01
-6.203013566498583042e-02 1.044644131580415997e-01 4.219759953069121550e-02
-2.902287662298812243e-02 5.418932088696006011e-02 7.184798264651824640e-02
-5.440514481954661363e-02 9.511804506916313184e-02 6.706073937810939911e-02
-2.195659388034987974e-02 1.347450775528687139e-01 1.362522905065078650e-02
1.951622844325897124e-02 7.362805966875592134e-02 -1.616801363820359258e-02
7.767847268215098168e-03 6.183682023123229787e-02 1.784509810790959857e-03
4.985726656638998777e-02 5.063216985886473398e-02 -4.119827800355430752e-02
4.293527806418864085e-02 4.858888642650351086e-02 -3.917169666978725234e-02
2.242582792805552019e-02 3.924294994914163254e-02 -5.715320284362387926e-02
3.872060879886036946e-03 2.515481699190589074e-02 -4.699256078734490721e-02
-1.058158018755079102e-02 2.378576853672404595e-02 -6.778243746217689839e-03
1.300814227633884101e-02 1.608337079034729417e-02 1.127039218664175821e-02
2.889327786210580187e-02 -9.414603483978733513e-05 3.421084965077121620e-02
5.225813856870349661e-02 -3.229781943895768982e-03 3.206014763465561690e-02
8.039707136946065702e-02 -3.306954162695559946e-02 3.643953044175166772e-02
6.965613410981870424e-02 -5.334277877623376518e-02 -9.244984044783084720e-03
1.061215984782731409e-01 -9.683066879051804854e-02 -1.245960067958024400e-02
1.388341639923459103e-01 -1.070172976748659521e-01 -7.971294285664479173e-02
8.321237580980911375e-02 -7.603375802592779453e-02 -1.847821108877571381e-02
3.207317537459655060e-02 -3.326621820941121077e-02 -6.391701082280723534e-02
2.595846899118859144e-02 -1.329125669474138030e-02 -7.906068744337324539e-02
1.418065772842727612e-02 1.420968929651367924e-02 -5.897493948680914561e-02
2.084883371991176973e-02 4.654163093136863896e-03 -5.500240325698111526e-02
3.961306779539743896e-03 9.204484600094230140e-03 -3.407375361901011229e-02
1.850284276970127345e-02 -2.666658172485276198e-03 -3.180890340427348917e-02
6.790053492504724390e-03 -1.517983488613780865e-02 -1.210058040922926126e-02
-5.336035519456962077e-03 -1.219078687759148072e-02 -4.889546805784900432e-03
2.342545915435772889e-03 -1.763066010453769386e-02 -2.957309661158532416e-03
1.399885660883349800e-02 -2.045611761617683114e-02 -1.511329981910827618e-02
-1.187660503751175774e-02 -9.209346816098029631e-02 2.798638386542217152e-02
-3.625601827105983527e-02 -6.996665256234400887e-02 6.146525830470659160e-03
-2.250335892660444356e-02 -5.261632018652896009e-02 -9.754785055813362804e-03
-2.427460859950706512e-02 -2.101562859901293101e-02 1.929299701629906202e-02
4.949373754846609665e-03 7.792785785982443182e-03 1.731536917943950714e-04
1.647100370964293611e-02 2.120654026325943103e-02 1.357424806366644985e-03
2.747712729701206127e-02 1.639390994609694853e-03 -2.176925429626303324e-02
4.065855922535567546e-02 1.224015552620527116e-02 -2.291693880747577503e-02
4.813067316230661835e-02 -1.965855299649342178e-02 -3.545533694260490781e-02
4.564549976052847263e-02 -1.536306001035371051e-02 -4.039558751152725474e-02
4.551265279462106406e-02 -2.547666123494121693e-02 -3.796554137061794454e-02
6.769837294345741607e-02 -3.043843866810375109e-02 -1.427476665280473858e-02
6.853910404849480886e-02 -3.718671473826998947e-02 5.742439632927265510e-03
5.759269533006253911e-02 -1.885560582088798703e-02 1.497785115754178727e-02
3.608797514309997762e-02 -1.573896704345816890e-03 2.476556347049180609e-02
3.671631696602631334e-02 7.406115980732617086e-03 2.940335868995311644e-02
1.715911340816131392e-02 6.526752652070547979e-03 6.097566697654340992e-03
2.080520859176667250e-02 2.564865679138858198e-02 4.501421934006760196e-03
2.520782462168677518e-03 1.359832847673318572e-02 -3.668753112302757663e-02
2.478519484885283826e-04 4.933313708232502960e-03 -3.979049192016598235e-02
1.018103508458571144e-02 3.573138770203047182e-02 -1.362032918985840377e-02
8.243371313300905390e-03 1.762169293888901297e-02 8.616325243277454804e-03
5.951927510195667050e-03 1.166591212631532502e-02 1.934611035562149722e-02
3.199407387251924570e-03 5.497847872251805440e-04 1.859742425776903657e-02
9.213583906998298531e-03 2.379195368561503113e-03 2.814697984274404374e-02
3.751586456937042353e-04 3.145360719469814277e-03 7.757950889020933695e-03
2.285175396666856359e-02 7.753144532679412740e-03 2.911556550009777866e-02
2.537204278083381170e-02 3.081484224728071441e-03 3.319334694555116372e-02
4.588181222237155965e-02 -7.135620861492013647e-03 3.182774066305420202e-02
9.639244687067469175e-02 -3.540640154671217260e-02 5.735754736981116264e-02
8.134009215078583099e-02 -2.034753424848125339e-02 1.139833153185759174e-01
8.407209771395018905e-02 2.003889277830902746e-02 1.660281622857356920e-01

PC9 eigenvalue=0.014423 total=0.7777524293672413
9.962348701765263992e-02 -1.904483353929545177e-03 1.346124143213743851e-01
1.033618356926938459e-01 -2.350520123330515632e-02 5.460953031839203137e-02
4.417734838148942855e-02 -1.742314140249276444e-02 4.445387648618059212e-02
2.762474588144709156e-02 -4.433995759586720209e-02 8.495865863479763747e-02
7.425296136094935995e-02 -1.542478880505662557e-02 3.104891495646661809e-02
3.459927970839963424e-02 -5.256932445652891077e-03 -2.976257408543158019e-03
1.494880569070682064e-02 -2.109437491469090716e-03 2.480692150882462393e-03
4.290452236775954553e-02 -4.687253644203361394e-03 4.509600460551374925e-04
3.736177202537135228e-02 -2.389625324767988973e-02 -3.075902621099186815e-02
1.490513086647085074e-03 -1.528833559672664218e-02 -4.508797807199201729e-02
-2.964324085442779366e-02 -1.752103926295524652e-02 -3.921520499415966088e-02
-5.823394220631392809e-02 -4.052904431956830516e-04 -4.266194457809753537e-02
-8.207483496767357944e-02 -3.809396474131152704e-02 -1.164268925015920497e-01
-8.561985472667636710e-02 2.025844382060406484e-02 -4.021862025521171294e-03
-5.829140614123945463e-02 3.040340709681702003e-02 3.456873489974610775e-02
-6.290795292520756643e-02 2.478167621293184478e-02 4.590261665310426537e-02
-5.131195617816340648e-02 1.566955658566305046e-02 5.127160194129524312e-02
-5.400927487767583079e-02 -9.044382380997712662e-03 6.800987619870521583e-02
-4.414807763794327544e-02 -1.935483148598557759e-02 4.250468499924446586e-02
-2.828765250255957375e-02 -4.335826567342043053e-02 5.343259196016189594e-02
-1.841507081731800360e-02 -3.018795515454711018e-02 9.297744045867073481e-02
-1.949403439498227641e-02 -2.684921916743268286e-02 6.589709158944863365e-02
-1.520077593735167862e-02 -3.387673638168018503e-02 4.759845855713905338e-02
-3.003716796921239787e-02 -5.206936779394748943e-02 5.772560731876519302e-02
-4.223147748789007200e-02 -5.678368880692121617e-02 3.596527980917625655e-02
-1.860776537955348767e-02 -8.689026481535830349e-02 3.162838031561145818e-02
3.171163718787178062e-03 -1.320460723094819822e-01 2.457337843753587547e-02
3.865340518840744422e-02 1.148056104642828507e-02 4.552884159249263180e-02
-2.315497085683326448e-02 6.944963613939987290e-01 1.019626131963693588e-01
1.184678427878784190e-01 -4.164184751377083410e-02 4.030221032186453306e-02
-1.161580081768765794e-02 -5.147754358291312810e-02 4.590201150124455926e-02
-2.667497831530022193e-02 -3.743923634949333085e-02 2.746722226399870691e-04
-3.393324202259807854e-02 2.661945927873062001e-03 1.055092474387976913e-03
-2.857915594382345534e-02 1.036619770451892644e-02 -1.340531356630789497e-02
-1.803558187523488648e-02 8.053373895401170698e-03 -2.389763554771258749e-02
-1.903827495340808945e-02 1.397940803486244499e-02 -2.501870184843700551e-02
-5.115799883465463847e-03 1.677484072785910031e-03 -4.098444013423857557e-02
1.473236436195679046e-02 1.249822869763372521e-02 -4.012595871121276553e-02
1.720696284553461380e-02 -7.510913395585832458e-03 -5.630262545159385457e-02
6.442227097988912146e-03 -3.739778750837334520e-02 -7.502233299450020154e-02
-1.941801692962632706e-02 -1.318033482568672227e-02 -4.030899759319753195e-02
1.471025738795952303e-03 -2.897593432930740259e-02 -5.956838783287938394e-02
2.824324682769394773e-02 5.163906126594838136e-03 -5.286681807434751718e-02
5.466943869886073046e-03 -1.535829049623058974e-02 -4.759284656039383665e-02
-9.812193844632492723e-03 -1.081454643753298420e-03 -4.718158300676258271e-02
-1.080675846472358391e-02 -1.146827944918183718e-02 -5.006376574114650840e-02
-1.465481303908951899e-02 -2.914097435603656139e-02 -3.771699099923453424e-02
-2.696302231290949661e-02 -9.224478999418301087e-03 -8.694951650855396730e-03
-4.242404551493234727e-02 1.266517238154581462e-02 5.123289594712203814e-07
-8.706752952593060924e-02 2.473741452630424595e-02 2.863285979874751960e-02
-9.724309393421708136e-02 6.569963291946378375e-03 3.329243478397524159e-02
-8.961017837853428591e-02 5.458889230938532983e-02 7.416939277300808875e-02
-7.854518160924792158e-02 6.113030100326100058e-02 8.274213416117791320e-02
-2.329526069530290372e-02 3.163995929599817958e-02 1.798626223381651285e-03
-5.706862315168969441e-02 1.140331390142550368e-02 -3.975120900171504740e-02
-2.826932583574627567e-02 -2.300359844019782621e-02 -2.856012644660778019e-02
1.599062750326807683e-02 -1.055355026725599346e-02 -3.120439879817541243e-02
4.068136446124762801e-02 -2.392628604397958186e-02 -1.192033255050198477e-02
4.622313261977856885e-02 -2.791292351261164678e-02 -4.651176428182134809e-02
9.760185374866775510e-02 -4.015926073566566251e-02 -5.475276240367766417e-02
8.453233639143981071e-02 -3.080322343641597738e-02 -5.459732532573956243e-02
6.365291162525670010e-02 -1.563733182404760877e-02 -2.860725615100786698e-02
3.173923228536468244e-02 -3.643530980638908911e-03 -4.149417460201321184e-02
2.443357090807864868e-02 7.677295074939287194e-03 -4.246211848114800347e-02
-7.454381963214755293e-04 2.499615943076132635e-02 -1.815415176258464505e-02
-3.133364614546006732e-02 3.923935825780406478e-02 -7.165566244428432305e-03
-2.732189538502160717e-02 2.940451611174975388e-02 -8.739943683161244606e-03
-2.928797592953766293e-02 8.155004829939969599e-03 3.461552472407268695e-04
-2.944369565128926447e-02 -1.207242446722270150e-02 -2.115195352852768107e-02
-4.557196171372075721e-03 -3.458559260660216961e-02 -2.155444811687284162e-02
6.002568885479299919e-03 -4.407800630887200727e-02 -3.530116482009478668e-02
3.439761158431600685e-02 -7.571458189345345313e-02 -6.514754865944127893e-02
8.109490161577173617e-02 -5.579392887361742798e-02 -3.449302985922216014e-02
7.421359585727781150e-02 -2.717264442654743553e-02 4.650723467514514785e-03
5.398739818495455756e-02 -2.978614136332570148e-02 3.638473876769492826e-02
2.851906426866166258e-02 -4.144365000902488355e-02 2.948828200950588327e-03
-2.790209325254717674e-04 -2.783132351023553594e-02 -3.743516308528428618e-03
-3.069687381072502483e-02 4.936409803605138619e-02 9.899390901327430759e-04
-3.887839323326307273e-02 3.818847176274847710e-02 1.637270846774255013e-03
-3.173192366603268255e-02 3.758964336534848655e-02 -4.064583576737007195e-03
-2.740027664727974488e-02 9.316016120093727204e-02 -3.716097168303886256e-03
5.503203114683419793e-03 8.597183727800317143e-02 -1.148445137311087348e-02
3.134423480037985821e-02 1.979726589136327625e-02 -1.514519137741950072e-02
5.383313138565017086e-02 2.210947861901710592e-03 4.998895538991206429e-03
5.981489475879208512e-02 -1.309109546829741351e-02 -2.974536806182070166e-03
3.241338958223902861e-02 -1.647317548822429742e-02 -5.181582130793712347e-03
1.848735388395590998e-02 -2.514536578141350967e-02 -1.951452965771528769e-02
9.372452539945744232e-03 -2.788741297593625573e-02 -1.925632494849847248e-02
-1.397504492193021169e-02 -1.995977454700504500e-02 -2.582038034261183862e-02
-2.922836100678520219e-02 7.733608403038640978e-03 -5.505600692061564556e-03
-3.605083875354078010e-02 3.977145861322179538e-02 2.832544678540980035e-02
-3.385291134557282672e-02 9.346759094186959937e-02 2.813623873615798618e-02
-1.964616883137489459e-02 5.663312373493348956e-02 -2.417514151495659715e-03
2.535303259476697976e-03 3.807249403254554104e-02 -3.301464081823095656e-03
1.006766976845362670e-02 1.577184331331736578e-02 -1.522682719794598780e-02
3.795940543381176677e-03 5.519884100676176672e-03 -1.090129440925662746e-02
-5.541446961054435905e-04 -4.258676056143931299e-02 -1.922785220612701837e-02
1.256336829280392357e-02 -3.118509370545160739e-02 -1.271381846458024753e-02
1.058210117184695855e-02 -4.186949128859948632e-02 -9.231000934947939870e-03
1.258238750201158898e-02 -1.389499136744559021e-02 5.870238153317519983e-03
2.468515132349872673e-02 3.288858966824638550e-03 1.230009925201620141e-02
6.230303515049641361e-02 -5.707072502390047632e-03 1.683745191522159623e-02
5.069102215525048138e-02 -1.112283901537683244e-02 2.950260143451700207e-02
3.698061517200142839e-02 7.018008599211603138e-03 4.763863875403951537e-02

PC10 eigenvalue=0.009020 total=0.7777524293672413
-3.872181928704377003e-03 -2.609591536322500849e-01 9.176614553902964766e-02
1.379296196967127464e-01 -4.980578069888533937e-02 5.696851638559510822e-02
1.081141810065527342e-01 -6.388743718342458633e-02 4.187312990281922415e-02
6.603028295924907864e-02 -4.471225552131051495e-02 1.344226380150500590e-02
8.943742984530540785e-02 1.340458286133466848e-02 4.346866970169337673e-03
5.725875040626218770e-02 -1.405133816983725279e-03 -9.618560439427995684e-03
8.861276607157356905e-03 -1.568972657406393634e-02 -2.688559849743938496e-02
2.920148928761278143e-02 2.046784895819112049e-02 -4.875027490570488231e-02
3.760771699753881481e-02 2.756960882761921861e-02 -4.066705949987828306e-02
4.073462374974511774e-02 3.746534787525745286e-02 -3.921013311571982379e-02
1.112020226423880709e-02 4.715319301716617423e-02 -6.894228502408584862e-03
2.567385361970470417e-02 4.213553521792517964e-02 4.349086070053635907e-03
6.965494213259267042e-03 8.296209830568922194e-02 9.621146660775854731e-02
1.269460686612794258e-02 5.352682572459512012e-02 6.194205979854913724e-02
1.879842563866984673e-02 1.619857046361278252e-01 -2.208709025486460878e-02
-4.377423734692822976e-02 1.331189003620507072e-01 5.315741005918637324e-02
7.246425803695825084e-03 7.305962083362002590e-02 3.184692700527027437e-02
3.860883380779372293e-02 6.509031821732862155e-02 2.376476798078912614e-02
4.274192726817963028e-02 6.741888221696584749e-02 5.408017965239768528e-03
3.246918112084994090e-02 3.718579778601810437e-02 2.135706631202213129e-02
1.932947277764541366e-02 3.059220946675185807e-02 -5.135173107608470566e-03
1.052507718390075474e-02 6.169451369134702073e-02 -3.768038255639790529e-02
-1.939786364186907612e-03 4.780569330723026533e-02 -3.400232568877663980e-02
-3.029827905526031109e-02 9.449432783335343436e-03 -2.186224773010083181e-02
-3.620325631589264848e-02 -1.307885690032929010e-02 -6.441033255872073704e-02
-6.633404285949548451e-02 -5.897035510285543458e-02 -1.705179340684236378e-01
-2.344508177184821338e-02 4.056901468278107520e-02 -2.172831989594102564e-01
-1.411952942261208988e-02 3.810181617819168032e-02 -1.842825683286737348e-01
-4.288590309841718018e-02 -3.430211877294579020e-02 -1.765408732376617384e-01
-1.038365995256317759e-02 -9.297836412177989951e-03 -8.714104768722288896e-02
-4.203490035861024571e-02 3.093386834441908678e-02 -1.501947566484864161e-01
1.232813136483730488e-03 2.493633579961665805e-02 -9.709266214984291210e-02
1.320572846019407200e-02 6.950208283492169403e-02 -9.333819991478072009e-02
-1.485481673654226020e-03 1.150385265295099102e-01 -2.782217230811069933e-02
-4.503411728158104692e-03 6.233476415597351272e-02 -3.252575956452910533e-02
1.469219312140860115e-02 8.983477915087856314e-02 3.114035956131751270e-03
1.010446776458616240e-02 4.914747188093637753e-02 5.861460225839590713e-03
2.884812865151892280e-02 5.062232197539810741e-02 9.401664593906171319e-03
3.688569454221368032e-02 -2.544775979122781626e-02 1.786355267598028346e-02
3.119261830894652643e-02 -8.002602838356760728e-02 -6.145214635862070000e-03
7.291983309238979361e-02 -7.538900794215309953e-02 3.361284369236379466e-02
9.295843512124789265e-02 -5.599764387643042102e-02 1.045872182694473906e-02
1.136288218744336692e-01 -7.731315465641518114e-02 3.407612195529928500e-02
6.153952607538872716e-02 -7.866139608031311181e-02 5.830398167004938181e-02
4.043854785822786208e-02 -5.296946838692341564e-02 2.089078651910415002e-02
7.583126608343773722e-02 -3.956276822403936161e-02 1.021453006442787914e-02
5.690769176628440035e-02 -6.631253742354083214e-02 4.518009325213969557e-02
1.480457081957303571e-02 -3.277504702466608327e-02 3.324321505074250005e-02
5.316350661859977483e-02 2.874408200552067746e-03 -2.482553420265041361e-02
-2.281784971073968701e-02 3.621470010271614359e-02 -2.176835673338602811e-02
-4.749620436437709120e-02 1.183142700284158834e-02 -1.250568791637197801e-02
-8.634648032385187910e-02 3.220727394003687627e-02 -3.077047576658657746e-02
-9.704955377637253244e-02 -7.530563403413896573e-03 -8.655950999110967325e-02
-8.978600015032441040e-02 -7.866906708560622574e-02 -5.679718399967226272e-02
-7.443171496789480202e-02 -1.712429231040129771e-02 -3.719369870151158219e-02
-5.325113166272907317e-02 -4.374069669678031652e-02 -1.305819142372047215e-02
-3.938451237173059422e-02 -6.225269846875914302e-03 8.302773772257285301e-03
-3.443896480171081825e-02 5.648016608775066442e-03 3.784725025129107023e-02
-1.908066555005079584e-03 3.226475585052279021e-02 7.527326288962041256e-02
-5.318982821659850452e-02 6.415049554322449499e-02 8.170033871258655656e-02
3.208772991098336139e-03 5.044310106989643300e-02 8.685479845640479979e-02
3.898487289925237076e-02 -9.284896138616041336e-03 7.799633013467663356e-02
3.891905800668805232e-02 -1.159164982666537839e-03 6.729454452051199242e-02
1.555064477565070748e-02 2.994546319037894727e-02 3.555564258217300266e-02
2.561698019475180943e-02 4.510108682982126582e-02 3.403202858738924030e-02
-8.495325458289678527e-03 9.737962973356779905e-02 1.680013482584509846e-02
-2.411899346990103218e-03 8.722478207251573024e-02 -3.026294845125188700e-03
-1.981168937750286616e-02 8.163620991985490183e-02 -3.710897116578858439e-04
-1.011201409650508420e-02 7.413472670284959598e-02 -4.980291406297625290e-02
-2.004368946510867722e-02 1.648572704559638641e-02 -4.396213069443864752e-02
-2.086600850843793251e-02 -1.162319473492709129e-02 -4.536398489887178212e-03
-4.281764456117080619e-02 -1.203290345956764401e-01 -1.336183626974486900e-02
-1.617632879668148838e-02 -1.292385093566358056e-01 2.266959384124032917e-02
-5.805083199670600658e-02 -1.174534859504684642e-01 -6.843038066134643493e-02
-3.141768882964302706e-02 -1.797884070084174168e-02 -3.688749332702150052e-02
3.722979238401440821e-02 -4.075232088138210779e-02 -8.116641715198965115e-03
-3.724273451294852783e-03 1.134343392104055458e-02 -7.970182622745024953e-03
-1.740594868565450634e-02 7.617603443084397519e-02 1.088955003081226378e-02
-1.793369883925424735e-02 9.740240949663182823e-02 2.128845807494789827e-02
7.618737677390791671e-04 1.004486099437108121e-01 2.412806136143053407e-02
2.828666123566271617e-02 6.346484345321233567e-02 -3.031340253033697717e-03
2.763511010323000533e-02 -1.547555135867503991e-02 6.816616756903927377e-02
3.739021854992667648e-02 -3.976310690486986599e-02 7.885411521146137859e-02
9.590804977392741043e-03 -3.131099114510250969e-02 1.027091317604757470e-01
1.351371870980210693e-02 -2.526235822462051181e-02 9.683509334311450611e-02
-1.707146486610258695e-02 -2.620777346579048275e-02 8.513417919006097123e-02
-2.894792319470805564e-02 -3.824998100219498959e-02 4.523675460434588291e-02
-4.887145277979202534e-02 -4.798403041082460740e-02 1.673465444758387780e-02
-4.352505384225539148e-02 -5.146423985463269291e-02 1.472014131697954933e-02
-3.638542381788797964e-02 -3.634567748553936550e-02 8.886185670482419155e-03
-4.150347597718415799e-02 -1.543768384394071658e-02 1.586106669185938581e-02
-3.235163068706072703e-02 2.071802630227487230e-02 -2.802680404635315287e-02
-2.954410922427819219e-03 2.952103650199370405e-02 -9.010889919096105871e-03
1.975997236863554982e-03 -1.398325434360392881e-02 3.153530706232516440e-02
1.893638252280809096e-03 -5.141709194668873245e-02 2.467899426509847366e-02
-1.184848604622052749e-02 -8.028921173683739587e-02 1.350905207188662048e-02
-1.211240375005520967e-02 -1.150608954379280097e-01 -3.975206427144780709e-03
-2.129595979479989229e-02 -5.719704103272601342e-02 3.481280254205644520e-02
-4.297018479268660540e-02 -6.873738272053801779e-02 1.985898401626995033e-02
-3.570678993866948508e-02 -3.738088107734987425e-02 5.591929057309282664e-02
-3.730890100587615221e-02 -2.922774614685864566e-02 6.274063485930014838e-02
-5.329415740036890642e-02 -1.950696717118315451e-02 5.710089954732135847e-02
-5.011755285585892811e-02 -3.330142425901136405e-02 1.802065836430419288e-02
-9.334733042744684794e-02 -7.845010289512480139e-02 -7.652099267079558176e-02

PC11 eigenvalue=0.008134 total=0.7777524293672413
6.369740976804953714e-02 -6.640000365877922472e-02 9.889666065350066759e-02
1.606728674563505654e-01 -5.149494404361504990e-02 4.804804812425579261e-03
6.180061179460878684e-02 -7.297382677582905930e-02 3.324979776942403684e-03
1.296091325568108493e-02 -6.265586708541592831e-02 -3.742216099658619843e-02
1.578749027963236018e-02 2.789625167516041754e-02 -2.333183068539956828e-02
2.363316904469651286e-02 -1.108506638632986499e-02 5.577852050672968973e-04
3.144806832749472841e-02 -3.004748174603364894e-02 -3.493623069108339751e-02
-9.565873228250573734e-03 9.383995937954284564e-03 -5.606787708851011104e-02
-1.759177880936230523e-02 2.359350008728066869e-02 -1.460238096902357306e-02
-1.157300906551997008e-02 -3.394066135532168658e-03 -5.429447314218606435e-03
1.468802935490170006e-02 -3.963867352644559472e-02 -3.030147749891436842e-02
-3.662315512768851700e-02 -3.364708751091375488e-02 -3.676944081068740655e-02
3.979685994350485451e-02 -1.036790052629725511e-01 -2.023355941269639469e-01
1.151703765693255083e-02 -6.364400620713700496e-02 -4.916034754137844215e-02
2.158782446280600037e-02 3.278359769766330672e-02 -1.490012951588473578e-01
1.168685005821537976e-01 -2.073819172770447194e-01 -7.555849904942682493e-02
1.785966268204945391e-03 -2.246165890361051867e-02 -1.091562248329336175e-02
5.762855549330518634e-02 -2.615556742640851029e-02 -3.919264135018935002e-02
2.720391257693178730e-02 -2.359316547958181798e-02 -9.484058650511709241e-04
2.022080608264721982e-02 -7.240007571124539021e-02 4.326184998855239251e-03
5.834736470913772649e-02 -2.522301123947303519e-02 -3.301873816263709710e-03
3.955101059980032502e-02 -1.084279951155620904e-02 -8.678223054341252518e-03
4.167450118893268468e-02 -4.525012659426341896e-04 -2.573992994387602068e-02
9.061211601700344676e-02 -4.044634873445929202e-02 -3.218145182782558567e-02
1.062998702719508970e-01 5.989049941511845679e-03 7.324677471980295049e-03
1.844047241599330034e-01 -1.287546668212691085e-02 1.225426343056810856e-02
2.892583999981513526e-02 6.635396613467421656e-02 3.388441654725698332e-02
-1.289202598249623161e-02 -2.846213191237437126e-03 -2.351159758151191020e-02
-2.769207183615584461e-02 -3.423472260389534582e-04 -3.813787474558243129e-02
-2.810937018636669796e-02 -9.778889587038692988e-02 -4.164545359814501163e-02
-1.403331095327224887e-01 -4.287098415818414721e-02 -1.539461325635148314e-01
-6.278886337163184107e-04 -8.389692257123784042e-05 3.134247996984908247e-02
2.433771365410069068e-02 3.321467533600089977e-02 3.326210282273425745e-02
2.030897995704744607e-02 -8.185712626698668504e-02 -3.183516812225253845e-02
1.531852197904127501e-02 -4.887341158928215981e-03 1.872709265974531207e-03
1.553717514417556067e-02 -2.630766991845707309e-02 -8.493850283322139025e-03
9.790725052702743333e-03 -1.858195453047425255e-02 1.129918933710796552e-03
-2.344114648196157086e-02 -3.230077801385643210e-02 4.266422192876029133e-03
-4.755320056780551474e-02 4.029606524639291892e-02 2.971814516064687911e-02
-5.941726194680026218e-02 -3.927258650771580512e-02 1.561499978932121557e-01
-1.089825138218977613e-01 -9.402453809163449638e-02 3.220660856897610350e-03
5.941762754887337274e-03 -1.273807708143716577e-01 -6.227310889803454319e-02
1.130147301305252372e-01 5.239702395012119790e-02 1.514526353204215248e-02
4.117168898316323281e-03 -6.310833425376920214e-02 -3.609485270044029276e-02
1.599347298447325455e-02 -6.516828857718807988e-02 -4.893459310783513511e-02
2.079194258837631717e-02 -6.863735401953119375e-02 -4.208548232300458186e-02
1.118152895964320305e-02 -3.609963451910595811e-02 -3.189012377329762671e-03
1.825833254081477702e-02 -5.389341505659708820e-02 -4.311643816566986670e-02
7.582646170263834806e-02 -1.096183578825828397e-01 -1.120107811937972736e-01
8.858265835371303965e-02 -1.047790917611007427e-01 -5.494161622084471619e-02
1.948591880895133785e-02 -4.394454708127815135e-02 2.036875565200422719e-02
1.552988433762992997e-02 3.290611569873021745e-03 3.552011084764009757e-02
-5.204840184319571399e-03 4.753875758640006138e-02 1.130290673907221877e-01
-8.193127662073281317e-03 3.159200032229493582e-02 1.104352735728644647e-01
-4.455589163754881260e-02 3.164202028239697373e-02 8.193819659000718680e-02
-8.330970260031279884e-02 7.342528049898394693e-02 3.847840533416009567e-02
-4.117413271426941662e-02 3.273297679040798602e-02 2.510893497532960816e-02
-8.125061894301209564e-02 6.908914064839528912e-02 9.685229852333353262e-03
-4.905657600608501201e-02 6.460749987349874435e-02 -1.124020842033114989e-02
2.375056485564996239e-02 3.155611390565427749e-02 -1.071653103936332820e-02
7.954564839901399204e-03 2.077119855532941900e-02 -2.254777368161775541e-02
-2.965685336709592348e-02 6.180080652768529456e-03 3.936604267278866892e-02
-2.271359867562981055e-02 2.836041778674251723e-02 6.896309857859660684e-03
1.035179650491126029e-02 4.763440514874669671e-03 2.652489075719788574e-03
-9.814810705368196345e-03 1.922072672326481657e-02 2.579099291629954188e-03
1.999084575848322082e-02 -2.137961870388191757e-02 -7.003973584644641219e-04
4.732589432916149697e-03 1.258436869049728117e-02 2.686013693146123080e-02
4.963499215615162913e-02 2.052253440155123523e-02 3.475193753826856091e-03
3.581546116191407919e-02 4.275750516116578331e-02 4.864407889319715544e-02
-3.164695840665289039e-03 5.808826132654573704e-02 4.996085038593060107e-02
6.496016388828779360e-03 1.487381602603307131e-02 7.575193795243902184e-02
-3.850838762426847333e-04 1.800633760416532267e-02 7.934217687223182880e-02
4.585698458260000637e-02 2.237120050585447370e-02 8.386158366935690667e-02
5.371034188971453988e-02 7.700400360138320854e-02 1.586562724143437686e-01
4.768963365054741665e-02 -9.188139675146980712e-02 5.464623061611185301e-02
-3.417534404245652080e-02 8.553811653373882481e-03 1.160114335724706375e-01
3.239732706375327009e-02 6.634306797316678883e-02 8.884106057695694003e-02
-2.209107469352653355e-02 1.795076338018771478e-01 1.046242450003076196e-01
3.489122248228179735e-02 3.600352319690306585e-03 1.487847190362793885e-02
5.393467512942828716e-03 2.310767412486079697e-02 1.872967607363112269e-02
-4.093867403877911315e-02 5.627542004512229440e-02 6.548198340138393359e-02
-2.345066370192267977e-02 1.655656378310493559e-01 -2.266204150916414570e-02
-3.379633585143058949e-02 3.852022228649235047e-02 3.798294546575577135e-02
-2.102636531905411471e-02 3.940599473428791494e-02 -1.291232074894578356e-02
-5.493886557077719973e-02 5.876346917868035397e-02 -3.768478098359907477e-03
-1.362715942032557276e-02 7.607759226358433262e-03 -1.961685504271350883e-02
-5.593388042962271073e-02 4.725803469328975631e-02 7.454917915313980133e-03
-1.354489890783599181e-02 2.567596348030290812e-02 4.785766115244297070e-02
-4.099670509986615141e-02 2.070106947595008393e-02 8.907020587005504836e-03
-7.338214455459379781e-02 -2.239175686561895029e-02 8.734711555358175283e-02
-1.256787088631104443e-01 1.631040253274468679e-02 2.244269890414943291e-02
-8.214473244798323193e-02 4.549229537908140025e-02 -9.744168372459269256e-02
3.090753002043022252e-02 -1.534321996396027440e-02 -8.137172541439985363e-02
3.265377894003499565e-03 -1.021195036565125192e-03 -9.291355730876339758e-02
-2.840620148379268545e-02 4.927613931637092083e-03 -3.099745914974360098e-02
-3.513102379733432784e-02 6.322871947432137651e-02 -2.160751256453077862e-02
-5.188288701058056673e-02 7.634902580459890231e-02 3.922826475823065762e-03
-6.740981323215070042e-02 2.683422950789012343e-02 -3.090840783377736892e-02
-5.404433890725807155e-02 4.871415237897923356e-02 -2.284337244543243120e-02
-7.226082726737771689e-02 3.675817120410259514e-02 -2.930293387811667982e-02
-4.349841543398016291e-02 1.359862136683881451e-02 -2.391563268263165870e-02
-1.122556100479163259e-02 2.465155803213854233e-02 -2.961589195857185219e-03
-1.472511555271502071e-01 8.389894980368994837e-02 -4.685846737432695919e-02
-6.825109963854779360e-02 4.176636633874174220e-02 -1.184337572140389816e-02

