7.499285693099829e-08
0.10833733283461677
0.14500414202526898
0.2091481521239547
0.3256706315783005
0.3313377385408821
0.3342230191631358
0.3368603170060899
0.34141868459237024
0.34012817471859425
0.3407347037930716
0.34225437174712064
0.34225437174712064
0.33888288696764457
0.33714145632938786
0.3383110405417529
0.33854970308277754
0.3367836037007569
0.3335523935679265
0.33273387911751845
0.3349374240260682
0.33409238954216436
0.33573184183138177
0.33772293088342303
0.3362937652550595
0.34033596527315096
0.3392786980061471
0.3411303919061358
0.3391174554323496
0.337438235183775
0.33794380264113083
0.34013600029983326
0.3415552120971984
0.3398886476700292
0.3396893755295625
0.3405042275897682
0.3452688879530145
0.3447610431546303
0.33981231406905194
0.33886876063528665
0.3383511935129219
0.3380484816002782
0.33621399386396117
0.334762466568778
0.34039595618167895
0.3395908759050224
0.3399268397986818
0.34033039121857217
0.3438615285404803
0.34210351016661356
0.34288414516502275
0.34141771404609755
0.34215324987249013
0.33842788518439193
0.33932273742536967
0.34407580895738005
0.3422427673093231
0.33991038305379473
0.3406552524960031
0.3394038308573827
0.335650669599851
0.3363030280044324
0.3315218830602703
0.3338539791328765
0.33577904961687693
0.3350072728975432
0.33427386685396765
0.3342211518482894
0.33469836646932877
0.3342698283736621
0.3313403952323334
0.3350974628880523
0.340435412162049
0.33817510463471756
0.33682435957479256
0.33342872914059807
0.33144537034352195
0.3404315661244576
0.3394426278263845
0.3393932571680426
0.3377913035862741
0.3330863861253706
0.33454827714320007
0.33627701796133513
0.3385149298427466
0.33793636131275523
0.33861108006048257
0.345675992859407
0.34485907611881694
0.34269601801610755
0.3374575028350578
0.3433931445021582
0.33847844852633024
0.3387913246024416
0.33249804069179273
0.33031043526347836
0.33428647766985986
0.33223119970564563
0.3385139675636878
0.33988311503970403
0.3371995827658626
