PC1 eigenvalue=861.705308 total=1282.6176609351194
-1.676260804125581649e-02 -1.728031836930751103e-02 6.925790771127116399e-03
-1.739350599674717099e-02 -1.928483186695433352e-02 4.275096156507131838e-03
-1.426489009774212051e-02 -1.377248990701480935e-02 7.285503312912853212e-03
-1.150986030995312936e-02 -1.291488342469774772e-02 1.263917787352903613e-03
-1.519789839077349825e-02 -1.870119459201927473e-02 -1.822834576447702028e-03
-1.463707820734145258e-02 -1.859637345158528937e-02 -3.392688502106836184e-03
-1.780540346978626287e-02 -2.359321668672969066e-02 -5.944216270854766997e-03
-1.442605299960894767e-02 -2.177492287449318484e-02 -1.168680253125504824e-02
-1.076086963715033699e-02 -1.931194231683285717e-02 -1.566169603876267982e-02
-6.342847012750302098e-03 -1.346636018030140589e-02 -1.425378448382150394e-02
-2.695834888833807588e-03 -1.129203982297128685e-02 -2.006604193617712514e-02
1.954060432501436659e-03 -5.958174789409431162e-03 -2.010682196243766470e-02
5.232272944038828498e-03 -2.937876485449533292e-03 -2.420168335384177694e-02
1.013718602053583460e-02 1.403682269035129524e-03 -2.535806484693864035e-02
1.547999676798506551e-02 5.980416987750173871e-03 -2.450228035042781999e-02
2.773707147380439358e-02 9.833857838303990562e-04 -2.682089474284982122e-02
1.750893377320000138e-02 -1.421027708191777150e-02 -3.059690100789519765e-02
3.363314302218772811e-02 1.839568642933222392e-02 1.403912562067203239e-02
1.269335882463170804e-03 -6.103674929325504477e-03 4.636614632826016602e-02
5.889182160116699163e-03 8.139510084442058355e-03 4.770634710549214591e-02
8.286322777507886678e-03 4.170614687777623314e-02 2.476923680820914894e-02
-1.838251975034269417e-03 2.413036656965649243e-02 2.409902772380906680e-02
-2.921831186046630266e-02 3.881221573750615831e-03 1.173637711911144389e-02
-6.549502296338073452e-03 3.169078845147163537e-02 -9.511456172716443091e-04
4.781096568734324696e-03 1.206578661940979277e-02 -1.980950161109633692e-02
9.433397207544472543e-03 9.197143931737169695e-03 -2.267810768372064897e-02
8.565613713225233780e-03 7.752904174130314900e-03 -2.342773916733316419e-02
7.698274607882684036e-03 3.737249555277563293e-03 -1.786112673753989868e-02
8.630158668699865199e-03 6.269001727210208458e-03 -1.516083615118238130e-02
4.799256409976719248e-03 2.349506448173038515e-03 -1.182057203066762957e-02
2.070185936372031556e-03 -2.237584572830427388e-04 -1.019604112259581141e-02
-4.924092467133191209e-04 -5.701605101388919176e-03 -1.445499644988781744e-02
-1.872855255391668410e-03 -6.820970564405653275e-03 -1.230935807943408372e-02
-2.941104153509076485e-03 -5.042069746310666629e-03 -5.470388333216126206e-03
-5.641883478868845066e-03 -8.515479147126706061e-03 -6.032270163758349929e-03
-7.744067507422593838e-03 -1.335768582590006817e-02 -9.886695708942743951e-03
-8.971519405787430415e-03 -1.284991517841642221e-02 -5.244062517911331732e-03
-1.218803493313052114e-02 -1.427130302787430090e-02 -1.567162325486699587e-04
-1.378704398446943188e-02 -1.889158810655479012e-02 -4.437411331070320077e-03
-1.114636861360181544e-02 -1.664926593389398288e-02 -8.126210778700555457e-03
-1.061621906170837591e-02 -1.886033984184282489e-02 -1.494875569285022965e-02
-5.838688753428160003e-03 -1.408546814690436050e-02 -1.761858955361877282e-02
-3.058936956478396866e-03 -1.360838488466520509e-02 -2.431104330322725326e-02
1.990479158495630108e-03 -8.173418658165440553e-03 -2.649430032785365929e-02
3.642300209379208207e-03 -7.881566644439220309e-03 -3.135193697688579834e-02
9.423237356920518420e-03 -4.392144826770626523e-03 -3.636216256169304967e-02
9.783219352953752279e-03 -3.973660405257459054e-03 -3.732454402241230929e-02
1.408154767176619457e-02 -2.732748172418606098e-04 -4.013511319047669695e-02
1.346585032410504458e-02 4.998629179758078307e-03 -3.756007123392459540e-02
1.952025306935560242e-02 1.008051814353285239e-02 -3.869238653804331352e-02
1.903637075518304494e-02 6.252644446546541841e-03 -4.112245677605333438e-02
1.696114676202106070e-02 5.647584882731086775e-03 -3.740925387886937653e-02
1.268769478809805840e-02 2.696722029744050893e-03 -3.151847909179675278e-02
1.053094864771264051e-02 -2.014831676688645570e-03 -3.561609187074851746e-02
1.194578733917445006e-02 -2.943772682808229110e-03 -4.108819790607417394e-02
1.038205041451784570e-02 -2.580033179283071267e-03 -3.650220574429757781e-02
6.384956602691794700e-03 -5.898645052530188636e-03 -3.323309945208535732e-02
5.634772010477144023e-03 -1.008826926338681103e-02 -3.874256228086700449e-02
6.295567011314401849e-03 -9.993208873067543560e-03 -3.982571558923185540e-02
3.237087593257282313e-03 -1.022178710864205670e-02 -3.384484674608583682e-02
-9.478244065141305146e-05 -1.438943070433406669e-02 -3.419623289275480066e-02
-2.633026845811936882e-04 -1.745705508836806891e-02 -3.981552364966910867e-02
-8.937786266558241490e-04 -1.673173267186702298e-02 -3.636431933500752778e-02
-4.302888085115112379e-03 -1.796695212351530693e-02 -3.084007590956291608e-02
-6.803006763332545941e-03 -2.289620642106808546e-02 -3.473603285403903396e-02
-6.616208599584747461e-03 -2.409615378642708874e-02 -3.725181238083231233e-02
-8.075276431299968985e-03 -2.278885474877082387e-02 -3.071733713499568905e-02
-1.178881613581590597e-02 -2.625889097060906188e-02 -2.854851738816467643e-02
-1.315523786096352808e-02 -3.052041554141054353e-02 -3.376354164217899162e-02
-1.269651354785274015e-02 -2.975953842094647764e-02 -3.286399907812292964e-02
-1.484084348414700313e-02 -2.876608502917958263e-02 -2.586861625532350592e-02
-1.852397317947688041e-02 -3.338742672185293636e-02 -2.564602556444945530e-02
-1.771423309660738812e-02 -2.951383263329320633e-02 -2.028199524662355896e-02
-1.669890331635792008e-02 -2.881646412140977803e-02 -2.130173000373402140e-02
-1.316377456658582301e-02 -2.326781379019142101e-02 -1.845094481020671112e-02
-9.543179293371636604e-03 -1.828111444106273603e-02 -1.740580521923510565e-02
-7.228945212336924594e-03 -1.366142464801051518e-02 -1.247412724144650667e-02
-2.547687128366243718e-03 -9.057493233108350125e-03 -1.571994533096064683e-02
1.021706130368988438e-03 -4.049571767441881819e-03 -1.326343750813390246e-02
5.135583286503701828e-03 3.671296784694323299e-04 -1.667348707200821262e-02
8.899252530374022335e-03 5.728392589006255781e-03 -1.555148676145797285e-02
1.338246457743590828e-02 1.020822272494762047e-02 -1.722649917219862617e-02
1.406400999262604617e-02 8.039610392367372085e-03 -2.314352510589898562e-02
9.601418101458465346e-03 2.726129398018158675e-03 -2.237141365827317527e-02
7.965061530963385081e-03 3.211839252096818000e-03 -1.708707987614408938e-02
9.413557447725304228e-03 3.249890418799028079e-03 -2.068601655535933989e-02
8.055799375563946901e-03 -9.249210503387853216e-04 -2.587673956740313419e-02
3.262177668633249681e-03 -4.830600045338447404e-03 -2.161243606452634483e-02
3.208665427231325272e-03 -3.464877543044414445e-03 -1.896961265087523593e-02
4.200708094995050067e-03 -5.383055061966787042e-03 -2.553552927177356671e-02
3.701666847921219940e-04 -1.049377668557096611e-02 -2.634389077129780862e-02
-2.761363940430687936e-03 -1.107565644374203760e-02 -1.989391263495291287e-02
-1.461861078049357839e-03 -9.967386630535675709e-03 -2.126323338107223571e-02
-2.017223391104479811e-03 -1.356846003500686987e-02 -2.751892387510226565e-02
-5.707330610088031352e-03 -1.785602950406790443e-02 -2.619102799968622136e-02
-8.208943597287058150e-03 -1.761810935658941757e-02 -1.947945486882657687e-02
-1.202686432631796913e-02 -2.317226535814724195e-02 -2.095354246485060454e-02
-1.015966365132661003e-02 -2.176396141202479803e-02 -2.245511158511193095e-02
-8.677293809093898636e-03 -1.725652875983006013e-02 -1.722092619557862719e-02
-1.115501176288059837e-02 -1.752273862715894234e-02 -1.081675331525151773e-02
-7.227348928580573303e-03 -1.178931558615152475e-02 -8.508162716574155585e-03
-2.586956316200492503e-03 -6.708041472286224542e-03 -1.082852476008345534e-02
-8.580277165424553645e-05 -2.405109562524933645e-03 -7.404566122584305132e-03
4.277855111916749851e-03 2.866767942824893778e-03 -9.153615451956967006e-03
7.170736538999354301e-03 6.974604040151502482e-03 -7.480334858511026100e-03
1.172287502636383538e-02 1.242213197697120131e-02 -7.620602396803379842e-03
1.194514793249076140e-02 1.053559432589548824e-02 -1.239266146242142159e-02
1.540821694736683664e-02 1.409341050481087085e-02 -1.398060221706324061e-02
1.233784002078293016e-02 1.057959356966743127e-02 -1.331612977730677050e-02
1.556320445309560159e-02 1.526924151931248995e-02 -1.216954169215592532e-02
1.982464316684376740e-02 1.825454568661265264e-02 -1.641622600635184517e-02
2.162174334589322261e-02 2.148866087693807048e-02 -1.559026621744944753e-02
2.395519632433085189e-02 2.661004508598278223e-02 -1.465288806708936811e-02
2.541973436259747574e-02 2.558910552506328887e-02 -1.727838539466692094e-02
2.653114509960819573e-02 2.262453549512513998e-02 -2.106096943319700834e-02
2.859552037180650153e-02 2.683930443908952995e-02 -2.086073416382302689e-02
2.890160372155382851e-02 2.941707862769107201e-02 -2.037226744917899554e-02
3.184562528097587691e-02 2.331200077265006831e-02 -2.177135537317071226e-02
3.746864166992279477e-02 2.568664816538154122e-02 -2.255650292920776540e-02
3.391526987108191976e-02 2.854724940501312397e-02 -2.601448030414246770e-02
2.740340400750430894e-02 1.004919255266160374e-03 -7.960562713028262322e-03
5.152214718740890514e-02 -1.146595146383947057e-02 1.162094905260005126e-02
7.599450408074766294e-02 -3.119773529656353489e-02 6.160566388110470110e-02
4.786589347655089560e-02 -7.277790843769506302e-02 1.017585607043788171e-01
3.364860046215919880e-03 -7.723155471633670610e-02 7.272522219478344541e-02
-5.119900636313967635e-02 -9.935141484127067713e-02 6.936371434915387935e-02
-4.651514471746009266e-02 -7.231855635724381004e-02 7.007766966395070907e-02
-2.897885963772885848e-02 -8.535874346093820508e-02 1.351408056833598159e-01
-6.684643422843929150e-02 -1.428083286040989219e-01 1.685572826268785795e-01
-1.153717107011484055e-01 -1.401583137677752944e-01 1.223391227691535271e-01
-8.314911330388700950e-02 -1.022302404544522952e-01 1.194782048706960059e-01
-5.452700254777135408e-02 -1.268423904861757101e-01 1.800986204030749493e-01
-9.353820847823869633e-02 -1.833258203376930962e-01 1.466329845493992146e-01
-1.236113082276797809e-01 -1.223175100661061804e-01 7.864613780462878512e-02
-7.666589573215967790e-02 -4.884655665315719431e-02 1.201574024621675368e-01
-5.719866700404923482e-02 -9.925153834657128582e-02 1.674515944724344896e-01
-1.111102749993869016e-01 -1.246121002984013210e-01 1.015553303957511116e-01
-1.172706037188351036e-01 -3.467019709855049397e-02 6.698621517220468280e-02
-6.679023713663644057e-02 -3.668289066757217300e-03 1.360717049447561777e-01
-7.985776838163691216e-02 -6.551346100653916704e-02 1.340195741975212795e-01
-1.319939278885172707e-01 -3.669586474658104169e-02 5.726563780197126141e-02
-1.097517773654070605e-01 5.635512855654621622e-02 7.490231677987488346e-02
-7.039480754807231344e-02 3.770587922432033084e-02 1.382539652587172485e-01
-1.120643846135363358e-01 -9.720726737235958759e-03 9.169116345377156807e-02
-1.443713335803040176e-01 6.137769480782449133e-02 3.490976769259809126e-02
-9.891796973995407860e-02 1.286753179355849819e-01 8.779890282776846300e-02
-7.753400516016675792e-02 1.026793156062824758e-01 1.330651668961805589e-01
-6.167268927164030329e-02 6.342128254840144475e-02 1.077153250330826761e-01
-4.871049572558886626e-02 4.326074646193971834e-02 7.963214326186562886e-02
5.325331747066289027e-03 3.283440244170338085e-02 2.526587562326126565e-02
2.375409840620140711e-02 1.982830847884916106e-02 4.664250126837906490e-03
1.507262405131031512e-02 -3.919988902643950154e-03 -2.880883825460170758e-02
1.646306291883713538e-02 7.810785323810267439e-03 -3.386838094675772431e-02
2.535659937842170766e-02 5.444941660378547002e-03 -3.856916279738375336e-02
2.928612539394301328e-02 8.863818607811733974e-03 -3.691726184707316144e-02
3.022140810659205631e-02 9.126485508245676601e-03 -3.541444575491437680e-02
2.520368221139356393e-02 7.232866882206077409e-03 -3.214505583269101213e-02
2.454696381808769284e-02 9.588246312815589326e-03 -3.088214132272690260e-02
2.738884799186823774e-02 1.249419883049646650e-02 -2.943623165042958192e-02
2.619951775750874179e-02 1.186152156310265812e-02 -2.685784011142768393e-02
2.213005428640105188e-02 1.178403580256342023e-02 -2.485888037418635538e-02
2.150416656638578367e-02 1.504359675346698434e-02 -2.337023066532831206e-02
2.391780789708357335e-02 1.950880599277264940e-02 -2.320145171040050719e-02
2.266162514667590527e-02 1.978824932774208081e-02 -1.909324008183701030e-02
2.375213660061795823e-02 1.867267632907334413e-02 -2.301364789512782769e-02
2.140586092621731690e-02 1.376397095748327706e-02 -2.720805140929337396e-02
1.724233540489706479e-02 1.210176301145963508e-02 -2.145028705050502915e-02
1.662258920474199084e-02 1.300978313019947492e-02 -1.885388720746648122e-02
1.655202953301160990e-02 9.623404506733129748e-03 -2.477354000999234737e-02
1.301619366691200708e-02 5.433464619358814064e-03 -2.461317455161717016e-02
1.015702699706657122e-02 5.708739774641008458e-03 -1.785012597314339020e-02
1.026268951305031596e-02 5.069461121846315088e-03 -1.955801726802991816e-02
8.253821854416708986e-03 1.561961138491519958e-04 -2.399181832683047397e-02
5.205696798241793953e-03 -1.625773321244854564e-03 -2.027739919656417270e-02
4.217966406339591391e-03 8.869760003566578861e-04 -1.375409747132630769e-02
3.722183340873134300e-04 -3.012614837187817599e-03 -1.104613864086327266e-02
5.309636063666469622e-04 -6.254884742457842437e-04 -5.865192587239274544e-03
5.019471241316474791e-03 4.856732566013125148e-03 -6.079726421845613703e-03
5.498494825120607728e-03 8.412520006405688200e-03 1.350358442582417508e-04
6.633801915215579471e-03 1.015737021330914182e-02 7.797844094209931479e-04
8.776734037503133856e-03 1.475520464246879264e-02 5.037232920942541839e-03
1.298412593113982931e-02 1.927047561113912413e-02 3.613813895773516135e-03
1.075763881065220501e-02 1.795265348910933187e-02 6.735961588078482991e-03
6.010404572275386374e-03 1.348512176327195181e-02 8.954146286588176434e-03
2.239945708434486552e-03 7.620823387963720705e-03 6.929740988528033940e-03
1.019448916082423299e-03 3.716780473899834996e-03 2.102166902598486768e-03
-3.457539466857389044e-03 -1.763368256556312836e-03 2.169725724205284669e-03
-6.195048617031708588e-03 -4.591948766748817426e-03 3.800713765571966333e-03
-8.735540724343815802e-03 -9.537011907147154022e-03 -7.601741761731542609e-04
-7.445500396128091995e-03 -1.055278606237661579e-02 -6.088101340244454415e-03
-9.844754895439377859e-03 -1.583500924846493324e-02 -1.044538405698577574e-02
-1.271991745280634696e-02 -1.800682455581048905e-02 -7.526146381888244169e-03
-8.763289616910072133e-03 -1.366424455277238936e-02 -8.502912320190727721e-03
-8.205130505352282305e-03 -1.024025052252202674e-02 -3.105138508281723910e-03
-3.679704597776207661e-03 -4.501648609438291086e-03 -3.470702986979830318e-03
-1.579748588933318739e-03 -8.279280438860255834e-04 -5.076997786796946365e-04
2.401692758736020603e-03 4.363202842177595943e-03 -9.525471939940514943e-04
5.128902473717434490e-03 8.489799818075705398e-03 1.549585919784240984e-03
9.320420671119348729e-03 1.353956607555880515e-02 1.850133495171159183e-04
1.254709504275247113e-02 1.813652499407885851e-02 2.035394097413607394e-03
1.546480583633046309e-02 2.293881651030585389e-02 4.026552845437270621e-03
1.838075678087490450e-02 2.601870560083934664e-02 3.560291422246152689e-03
2.190788690139382905e-02 2.804705312869823844e-02 -2.356391697775660383e-03
2.278825210577256274e-02 3.004633409187520629e-02 -1.959861349324334078e-04
1.924076833685431365e-02 2.690363559550621939e-02 2.123440691150523408e-03
2.045660662724893900e-02 2.767088501784769825e-02 2.952286282031542906e-04
2.394051077030814184e-02 3.324979263273724478e-02 -1.432112003857360536e-03
2.297329910238545686e-02 2.925955183097250084e-02 -4.264147950107225783e-03
2.236009787712588473e-02 2.565041319791392868e-02 -8.834329038857006294e-03
2.611093612127694114e-02 2.784218223344812546e-02 -1.456430710872256250e-02
2.423755576131571277e-02 2.509623584224091736e-02 -1.545245155126421556e-02
2.459181260757414139e-02 2.811386722339859895e-02 -9.011124135872954077e-03
2.988235383440875428e-02 3.322919798503446570e-02 -1.176756292347601839e-02
2.887552777222431380e-02 3.005805551088625710e-02 -1.698057526322684085e-02
2.516604014206991896e-02 2.755307538588433469e-02 -1.194336129707372282e-02
2.799203964724992014e-02 3.230571602925814967e-02 -7.402235311050288889e-03
3.142612455474302208e-02 3.456977730743074351e-02 -1.220404996280955237e-02
2.878085890590167256e-02 3.052924524146258950e-02 -1.427630279310949067e-02
2.676306862452423191e-02 3.107290604676447507e-02 -7.653846435302648701e-03
3.100874344295417862e-02 3.602206206858671322e-02 -7.727497528566427444e-03
3.058142694850111629e-02 3.368882549687857858e-02 -1.163174932007436657e-02
2.732000547401101237e-02 3.252076646585626979e-02 -6.755814398732525906e-03
2.849522359097526533e-02 3.666926040341123016e-02 -2.485319359746230791e-03
2.650083697462653209e-02 4.074868865485677116e-02 1.363215326563421356e-03
2.844984836654406227e-02 3.709383047546882528e-02 9.294996076513377045e-03
2.279531132950942882e-02 3.122648584150529427e-02 3.630165494087586684e-03
1.931506770772745130e-02 2.781823702725450681e-02 4.558703740121481350e-03
1.946198346236497484e-02 2.524742484774552057e-02 -1.279197245973721572e-03
1.860830276471028485e-02 2.283719641512506338e-02 -4.050935358636540903e-03
2.249611086625333267e-02 2.609693225903915448e-02 -8.054120506406196173e-03
2.205469187997174257e-02 2.299686076291862155e-02 -1.289557273532984834e-02
1.863085196971902766e-02 2.043503309746696681e-02 -9.738518469172827152e-03
1.819198031982171768e-02 2.241348339052194605e-02 -4.218673113022030144e-03
1.442823943216149304e-02 1.975361284485975533e-02 6.034409820969092314e-04
1.330790079822922328e-02 1.895326666812554087e-02 1.299857194572935854e-03
1.462660544576642983e-02 1.693256899821507164e-02 -5.355456412187513046e-03
1.139650454926153904e-02 1.305285936800693915e-02 -4.859320240176588125e-03
7.554022527608676013e-03 1.065763327764314948e-02 -6.680883533542804646e-04
4.125601826465019259e-03 5.054755968022861708e-03 -3.022720096138502982e-03
-6.086390291355643070e-04 1.060549286266750796e-03 4.433963154932024533e-04
-2.279790558332084414e-03 1.538228427352943822e-03 6.230198834665300577e-03
1.407035829328994641e-03 6.540344422700878659e-03 7.156090691533226016e-03
-2.504630373319681144e-04 5.493552650733639353e-03 9.438169988536030536e-03
3.932715636255280922e-03 1.086093376506617678e-02 1.046303321469004184e-02
8.096356904669461604e-03 1.522772451706583090e-02 7.107853425917402823e-03
1.015003664240356901e-02 1.893972770098712247e-02 1.018916931456796855e-02
9.465014818470729452e-03 1.751964840645060112e-02 8.592502903770581069e-03
1.311059690269325735e-02 2.146380900726082772e-02 8.278456469425229600e-03
1.386848259722493412e-02 1.962975253344495172e-02 1.373647665246775611e-03
1.739333122272573862e-02 2.141758816640769794e-02 -4.031275233765446199e-03
1.674714675438090244e-02 1.817427595207375679e-02 -9.757049535431586498e-03
1.634269270179976308e-02 1.633313613410559278e-02 -1.180702966195520433e-02
1.359025160179308002e-02 1.579662475183711209e-02 -6.023023759091940960e-03
1.022640857326756469e-02 1.173587146700790819e-02 -6.379940211246938955e-03
9.559301662522551660e-03 8.893693905324970631e-03 -1.095772384308987130e-02
1.057501786236011293e-02 1.086428030935826863e-02 -8.372155119313554744e-03
1.443740227341121229e-02 1.450939493878334978e-02 -1.258623272443972103e-02
1.742494729962781180e-02 1.659970849277309785e-02 -1.408325208379485223e-02
1.492018725915531148e-02 1.305101327153958789e-02 -1.282018111433977023e-02
1.192513919550167514e-02 1.335587512739772574e-02 -7.497948561075219211e-03
1.557717498668211541e-02 1.860489848127705112e-02 -4.895322901825678065e-03
1.446174167879568997e-02 1.914177596038851153e-02 -6.833654279908144610e-04
1.445023556160552475e-02 2.200485915250801131e-02 5.541721935012953668e-03
1.321476776134860795e-02 2.196823466841251599e-02 9.648151065585100494e-03
1.151513718549236967e-02 2.241268134105301596e-02 1.504559055063375318e-02
8.712648057614749697e-03 1.802279653037065429e-02 1.245176619844595538e-02
5.028477889273763948e-03 1.242763304915591935e-02 1.123602313153256906e-02
5.423836514724226371e-03 1.104973396849467417e-02 5.994379481318687364e-03
5.937568955175380470e-03 9.181578719178790440e-03 3.096106772252928650e-04
2.709491028686467767e-03 4.042050431773580588e-03 -1.121042345456117317e-03
-3.183562126602038447e-04 3.124008921293338226e-03 5.491421637033348617e-03
4.684764323601483399e-04 4.049721448007522623e-03 4.722403065828195343e-03
-8.330093427497333326e-04 -2.039147242276666337e-04 -8.921165114634143538e-04
-4.714742031382106180e-03 -3.822418770570437923e-03 2.358044615088440796e-03
-5.925797672479079375e-03 -2.701261420927981213e-03 7.863621431160880762e-03
-5.342975550165514516e-03 -3.781799943430443327e-03 3.847359357107317957e-03
-8.128790419985237881e-03 -8.938124482275601815e-03 2.575821990061103795e-04
-1.152613314497711802e-02 -1.035954077494656567e-02 6.702803597161172307e-03
-1.086347053626519552e-02 -8.535275661948595050e-03 8.090793173063067986e-03
-1.145650789300789105e-02 -1.211908163020179556e-02 2.290899750410362208e-03
-1.545194520781098535e-02 -1.661042563999599875e-02 3.546705368956949884e-03
-1.750496473100210393e-02 -1.597336297278751163e-02 1.032082802138059932e-02
-1.655675025222325819e-02 -1.599184455013053993e-02 7.332713201728925483e-03
-1.909801115733169782e-02 -2.125708460858686047e-02 3.247821858988244378e-03
-1.540971565235108726e-02 -1.894479834737191129e-02 -2.258647417162128971e-03

PC2 eigenvalue=161.210723 total=1282.6176609351194
9.677033674607793054e-03 9.864055790629678092e-04 2.174259877170708552e-02
7.992785805769722293e-03 -2.511280801188113965e-03 1.779249189745572834e-02
8.765284202723492429e-03 -1.911882110004065050e-04 1.847059540184388046e-02
5.842954031196552316e-03 1.193442274039024616e-03 1.259954276067270541e-02
2.932765611873340561e-03 -3.152226862309254543e-03 1.051900699130739990e-02
-3.982995203829693979e-05 -6.529535739005400651e-03 7.554415038969577653e-03
-3.670411054730668074e-03 -1.199284527357500144e-02 5.235642264709820456e-03
-5.918650615214329259e-03 -9.218810251188373078e-03 -5.127810985775001348e-04
-5.213723697486769698e-03 -2.876519013690828977e-03 -3.200599610362366270e-03
-3.292117942956152184e-03 1.837129408062191738e-03 -2.842707696323974915e-03
-5.446376566385710202e-03 4.996738749466129483e-03 -8.507942314997667815e-03
-3.653402991288594217e-03 1.030382770151495181e-02 -8.949560700757168072e-03
-5.660952835878749374e-03 1.194159519298002188e-02 -1.345097596889504449e-02
-4.095343131333558165e-03 1.753659797323485481e-02 -1.446937899284303324e-02
-6.692472982052147593e-03 1.944157473095896663e-02 -1.751549826062838433e-02
-1.079209745633031604e-02 9.399146797376424153e-03 -1.048219348466856125e-02
-6.181564039060376964e-03 3.507167079843584445e-02 -1.663604248198882751e-02
6.944232968268741063e-03 3.308373223805950031e-02 -6.710800873567657199e-02
2.645937174167725323e-02 3.905917819312380163e-02 -7.444272230577814176e-02
1.531237984171216968e-02 3.631806283795303153e-02 -7.910751385064962449e-02
2.084854832138427136e-02 9.675285929350921355e-03 -7.717560211978151397e-02
2.566696963778766424e-02 1.889507180362603317e-02 -7.512206080162042721e-02
4.465578217581933629e-02 3.198813501193547432e-02 -5.848870073964716754e-02
1.885410576086132481e-02 7.165051511377424319e-03 -4.414457381774015282e-02
8.130617053568411565e-03 2.886310902846346560e-02 -1.857775571494780717e-02
2.058922123441532092e-03 2.658308562650412918e-02 -1.292829967419381436e-02
2.016523901210847802e-03 2.630944579647467169e-02 -1.051700050266119596e-02
2.427639862292215595e-03 2.259235022606887952e-02 -5.530543546248584304e-03
6.023851370854349171e-03 2.760856469410180244e-02 -2.408067438461257165e-03
7.816372837814276539e-03 2.521613245756652161e-02 1.448910582996682482e-03
5.708419675119947093e-03 1.930797674722814494e-02 1.652028852152333553e-03
3.303038980352486585e-03 1.666629255135542928e-02 -1.033766285722672717e-03
6.275044415284621382e-03 1.910883908094468744e-02 2.713486697142403030e-03
8.553932718173198196e-03 1.693616922111083195e-02 7.499340736151521858e-03
5.688259593787509810e-03 1.107458319062147763e-02 6.260313008803190804e-03
4.765562866059658113e-03 1.086092478745807194e-02 4.569555799629261561e-03
8.519820102946306858e-03 1.301445842277783836e-02 1.029134280068852610e-02
8.683453879807026543e-03 6.662352770027223266e-03 1.354441962011167407e-02
4.631756347187447956e-03 2.405089668541300022e-03 9.792406735701968123e-03
1.844560693997516652e-03 2.883384144772003967e-03 5.000782730470921221e-03
-1.902898402347467932e-03 3.133363460668126595e-03 -8.850872848050456545e-04
-1.880825313448699319e-03 7.690123065785462245e-03 -3.966084456171131180e-03
-4.678685341936588554e-03 9.328126954714115876e-03 -9.837490778301562905e-03
-4.435875834032994292e-03 1.505488582848841725e-02 -1.245820533258670641e-02
-8.121297047165423888e-03 1.443394506443667312e-02 -1.664652410076365718e-02
-9.582293504669730025e-03 1.902687619889326456e-02 -2.098140372553880528e-02
-1.272971186875670319e-02 1.772580987172165876e-02 -2.427381360708155342e-02
-1.272220975555484780e-02 2.363620519461474140e-02 -3.012219620103508827e-02
-1.471524778211714610e-02 3.707411827049132691e-02 -2.549676177148227363e-02
-1.074281780093919864e-02 4.176674839108936860e-02 -3.156331504740755162e-02
-1.174811070931091640e-02 2.536255860455010475e-02 -3.996986922874724846e-02
-1.476726377351451902e-02 1.685154317985637987e-02 -3.406550876594390681e-02
-1.317391351899691899e-02 1.054391731619254945e-02 -2.629792863080448670e-02
-1.789706810087748207e-02 4.517310008177691238e-03 -3.096568039020576243e-02
-1.823294815706246602e-02 8.989224133688474005e-03 -3.543453864115850283e-02
-1.466862732194019851e-02 1.148476888948052506e-02 -2.839886424529079398e-02
-1.521370348837579496e-02 4.070987875399175761e-03 -2.560696814509945754e-02
-1.836513233291585043e-02 2.063131765981382221e-03 -3.042449335122730456e-02
-1.640561377165067683e-02 7.302505541859670782e-03 -2.967680275351105776e-02
-1.393702599550626989e-02 5.367156534915732032e-03 -2.328169946515756816e-02
-1.662906827817472316e-02 -1.177402107915451451e-03 -2.406008274874071873e-02
-1.808138380890654193e-02 9.581412483416556439e-04 -2.751759238876859762e-02
-1.422509461763384227e-02 4.176338405378867552e-03 -2.272140222809299406e-02
-1.342270289272538830e-02 -1.300739765031124580e-03 -1.854508261250601212e-02
-1.640722229930179077e-02 -5.413829789673921949e-03 -2.171135409060524421e-02
-1.511398451287490098e-02 -1.074861552242933329e-03 -2.159569618971625068e-02
-1.178820524229819491e-02 -9.408945669957185587e-04 -1.566621300690465221e-02
-1.303010384111565577e-02 -7.427212810502964099e-03 -1.457332769568788280e-02
-1.446807575341070747e-02 -8.174540381476859754e-03 -1.739652040165779248e-02
-1.193730059688745231e-02 -3.718310568183634101e-03 -1.458597343087815294e-02
-9.756103064744234624e-03 -5.462357007382808924e-03 -9.310381556788826368e-03
-1.176944443219902353e-02 -1.157384386444128971e-02 -9.586617453946221293e-03
-1.076617228501649919e-02 -1.293180577745903052e-02 -6.785522240875848342e-03
-1.364177195880369661e-02 -1.667760446144312889e-02 -9.733510913980116322e-03
-1.173644686209408990e-02 -1.299850438993181180e-02 -8.231575104480901017e-03
-8.943446767311206622e-03 -6.583516818484347333e-03 -6.981193373446469182e-03
-5.844739158820307437e-03 -4.254626249547324712e-03 -3.316113165209193855e-03
-6.340681387574298097e-03 4.646225967607349959e-04 -6.957571733239676509e-03
-3.085580870477799744e-03 5.544948854766244828e-03 -4.885322900512862297e-03
-4.231746953703831825e-03 9.804227213738003419e-03 -8.663817243094208698e-03
-1.769284692901116783e-03 1.561113912489804113e-02 -7.884633105304360984e-03
-2.446030768041623869e-03 1.838391980523378100e-02 -1.097890540250086658e-02
-5.596574352965216076e-03 1.654895437245083867e-02 -1.675202022315063627e-02
-6.097744875319534297e-03 1.267512209855820374e-02 -1.475941393937062369e-02
-6.073759432683831228e-03 8.412651077815341133e-03 -1.123362903676343623e-02
-8.942933002037767656e-03 6.619088323058180436e-03 -1.585921872952019210e-02
-1.044604706444237502e-02 6.662620443236024446e-03 -1.912366365617232389e-02
-9.937884158863178816e-03 1.958447070840294880e-03 -1.449263987665630471e-02
-1.121202490747698517e-02 -1.541966126542551477e-03 -1.403959791181210587e-02
-1.441374258244315122e-02 -2.227931727526865410e-03 -2.033486711599977528e-02
-1.487065044001876536e-02 -4.652840527373102754e-03 -1.942147490584858818e-02
-1.404566078365017401e-02 -8.859478313569868480e-03 -1.394931533462092851e-02
-1.651798728375184627e-02 -1.102408231481590527e-02 -1.697620699646526163e-02
-1.989762850063952343e-02 -1.205951995988568774e-02 -2.254906272692779393e-02
-1.864933331737854069e-02 -1.392605706264793408e-02 -1.954095543098677973e-02
-1.646676821079431918e-02 -1.666526064836073781e-02 -1.353948185494730297e-02
-1.757210160313617958e-02 -2.001989578682391441e-02 -1.358174737384910263e-02
-1.529332276738825692e-02 -1.396317986960212733e-02 -1.364878299212722058e-02
-1.211720597591263784e-02 -1.164698093819857214e-02 -9.409359926516681905e-03
-9.157882883238172705e-03 -1.355750965190634892e-02 -3.318356510111751621e-03
-6.885672311444024883e-03 -9.036246037966124550e-03 -2.042160237975776133e-03
-6.748130672252216321e-03 -3.823790144462448602e-03 -4.751692835917060466e-03
-3.021840554185203399e-03 5.915542210745988348e-04 -1.610836148469582370e-03
-2.965248225778390097e-03 5.678364957596870703e-03 -3.775459507208459367e-03
7.251072300093751614e-04 1.144112119739277254e-02 -1.865591591824151529e-03
1.446284236193979677e-03 1.509614896882671697e-02 -2.976063008942350912e-03
-2.397168323283057310e-03 1.251782343990751924e-02 -7.745826257765604794e-03
-4.375288393426730177e-03 1.274143311024686018e-02 -1.035407318615517297e-02
-6.545811801638106060e-03 6.749330569093324114e-03 -1.069739800309545304e-02
-6.753799025713427481e-03 7.863030295520118812e-03 -1.135058244966931536e-02
-5.811844897832801199e-03 1.359233300824735403e-02 -1.432332272771569444e-02
-3.700528376028079571e-03 1.889661719532365752e-02 -1.309570279347652307e-02
-6.187579303360463828e-03 1.965752825618122604e-02 -1.427248463714360024e-02
-7.359646720271777187e-03 2.431717710911830699e-02 -1.215492917062626667e-02
-8.438030438070112313e-03 2.376834099408701995e-02 -1.324673623101972966e-02
-1.076513775618259151e-02 2.191425496299978515e-02 -1.747004543253856054e-02
-1.687554532750972641e-02 2.365025750846519448e-02 -1.619690318463913592e-02
-1.648218179916070836e-02 2.379609189488827992e-02 -8.613053995831315701e-03
-1.049158633224005384e-02 2.370473158819482590e-02 -1.350832328444514022e-02
-2.866509249098241063e-02 2.309121494294417640e-02 -2.842885224746004302e-02
-5.089600381745736785e-02 1.440029731134691120e-02 -3.932267813479237671e-03
-8.499951288796300797e-02 7.689423453530540298e-03 3.265102324968625208e-02
-8.937084579444437571e-02 1.597664626423181064e-02 9.401189039047541662e-02
-1.295081869942154851e-01 -2.371445189845159535e-02 1.118821182361456612e-01
-1.440032358165915238e-01 -5.230285715838286359e-02 6.931031233643553113e-02
-1.581395446608318822e-01 -9.190601314511419317e-02 6.336317821223821922e-02
-1.367604349309944622e-01 -6.211204765370582220e-02 -2.675522625077239591e-02
-5.380782485712356372e-02 -1.923208994145055376e-02 -2.187565307040843093e-02
-4.978522352167537995e-02 -6.493664696762607713e-02 -1.032665616090483853e-03
-6.142220477753979752e-02 -6.288301219865681524e-02 -6.588995867455359201e-02
-9.296852939305849661e-03 3.335288512685494894e-02 -9.406462969493807613e-02
2.900050114978748594e-02 4.660211738594492725e-02 -3.161841162664862787e-02
-1.270197508575514160e-02 4.380703152308023512e-03 -6.107458890716950355e-03
2.964617432177507877e-03 6.008593272676836412e-03 -4.552330632786024539e-02
4.812369886193929025e-02 1.578067591017339594e-02 -4.386895053953188128e-02
3.391476392834734399e-02 -1.912308555693633186e-02 1.480421606230656467e-02
3.019483474091753158e-03 -5.938846795542924301e-02 2.423455762355293183e-02
4.151895735647169461e-02 -5.455842977892094020e-02 -2.004860591387694346e-02
7.612780816508976645e-02 -5.735031320902241742e-02 3.334645850832827167e-04
4.498777796828580533e-02 -1.108405781535300449e-01 6.385282299943262352e-02
4.497267416189892203e-02 -1.389136893489261448e-01 3.665551664488392314e-02
9.880730627883003991e-02 -1.247388533659308657e-01 -6.926445537748415933e-03
1.056384937370515309e-01 -1.456916769729441063e-01 4.562866090482037285e-02
7.535123085212226679e-02 -1.995895842652763430e-01 8.395552477216650100e-02
1.009101346162490087e-01 -2.101931760350101430e-01 3.318242440397436294e-02
1.398133242079718508e-01 -1.933559501605833231e-01 8.070133232044980620e-03
1.273493288175958915e-01 -1.758598243749024959e-01 6.839809337663890765e-02
1.117326419778710833e-01 -1.201794340041940079e-01 1.173618834925910237e-01
9.154233322324765998e-02 -1.183829264785104946e-01 1.134212562512075390e-01
1.522706684681057222e-02 -1.093322539782624198e-01 1.192123610594786887e-01
-3.106686628790284940e-02 -1.068716840647293692e-01 1.668720888283177217e-01
-4.459841693861021916e-02 -8.674856739512655512e-02 2.170845973598309053e-01
-3.662301137365829573e-02 -1.038194710666362312e-02 1.542069371710963199e-01
2.425741531328599529e-02 -4.881800208448894285e-02 8.195989625465287254e-02
2.071762143943224263e-02 -7.862489892593255147e-02 3.854686452580199235e-02
2.197646821696560421e-02 -8.974590428037430845e-02 6.740559044864689875e-02
3.075263981258029300e-02 -3.403611980664834891e-02 8.240051997329862765e-02
2.133749254631409423e-02 -1.759672072864257655e-02 2.754501715880411025e-02
1.264002214875721911e-02 -4.386903947555712696e-02 1.128919047094719547e-02
2.369916764538066226e-02 -2.293943915935800840e-02 4.895578955901018492e-02
2.573144163712521790e-02 2.474139025137715719e-02 3.034958960085604868e-02
-2.395272890090883750e-03 2.056863867229052900e-02 -1.222159086981849420e-02
-6.494280470627681635e-03 1.930381405997011121e-02 -1.708286686173768332e-02
-5.311715794231860674e-03 1.370683398260599470e-02 -1.907647113140802791e-02
-6.984565869643620008e-03 1.212191971063589398e-02 -2.261214853824547108e-02
-8.234781227993481778e-03 8.975138548535429445e-03 -2.448943786919634963e-02
-9.397693955517653214e-03 7.033786244636315750e-03 -1.876262172701386940e-02
-1.033318898135551778e-02 4.875113720218413049e-03 -1.834873849794985134e-02
-1.243802685994192803e-02 2.578279320174363311e-03 -2.323353331530525478e-02
-1.278807244078447071e-02 1.076204180831021907e-03 -2.168164948991653518e-02
-1.217910397499482461e-02 -1.571627660391903191e-03 -1.638492194035789593e-02
-1.467235673985084476e-02 -4.905220782560685590e-03 -1.912541028617216476e-02
-1.620608513486235594e-02 -6.412424831115158368e-03 -2.138709875874195490e-02
-1.458106149893599948e-02 -6.674206345449970948e-03 -1.769078838516173827e-02
-1.268627196320837834e-02 -8.173003228805054629e-03 -1.278063608710842090e-02
-1.224195156609257824e-02 -1.056694108442368316e-02 -9.524574045844483652e-03
-8.321418414470736075e-03 -8.773542027856556097e-03 -4.903701669173066678e-03
-7.687250945492255308e-03 -5.451302700655274135e-03 -6.059700268829740916e-03
-5.708932900895119684e-03 -6.107070151219984484e-03 -1.940768864678164623e-03
-7.631491437511911044e-03 -8.790543596353419392e-03 -3.334760699933527351e-03
-4.359225096573105841e-03 -5.144179083071379228e-03 5.254305008793196986e-04
-1.597934539740694920e-03 1.053653994241948852e-03 -6.588169051293973249e-04
-2.821429211825967113e-04 1.424866940762153401e-03 3.420912662902475445e-03
-9.847081124329823496e-04 -3.318171857299425861e-03 5.459991555199607619e-03
-1.966014145333620008e-03 -6.608726341120130070e-03 5.291820899473797558e-03
-5.211110760011117976e-03 -9.473205469308442969e-03 1.199512750898845074e-03
-7.353503079953502101e-03 -1.524625414919482218e-02 1.692321428227016233e-03
-5.365109912726507072e-03 -1.490857103568135958e-02 4.867692992285831480e-03
-8.863277384902071288e-03 -1.853821957364627793e-02 1.154988281883709104e-03
-1.243303194563019631e-02 -1.958312187101897417e-02 -4.005988663117712907e-03
-1.556573420212627526e-02 -2.264328670786015449e-02 -7.213448716510076873e-03
-1.288976785379945984e-02 -2.235985529397405136e-02 -3.347869068661285270e-03
-1.063862741967768616e-02 -1.593466934228134416e-02 -3.855177479247597766e-03
-6.865641742340794322e-03 -1.360165582863586721e-02 9.852753405782167535e-04
-5.663656575525142720e-03 -8.210491012081509721e-03 1.172987779845017795e-05
-1.899703713670237906e-03 -3.530246343588601485e-03 3.131763447783479214e-03
-1.725916394313313854e-04 2.393542506536932429e-03 2.581504046662647794e-03
3.627239095921802603e-03 7.402137502066622257e-03 5.149329845466326522e-03
4.434899064072483389e-03 1.327371439142471278e-02 3.855784042155845342e-03
7.741262272240656724e-03 1.838225000071881665e-02 5.633904610643823176e-03
8.585332650543417085e-03 1.978280688189953604e-02 6.295474013561742563e-03
1.143360024638571774e-02 2.585541021638186263e-02 6.603772693034570644e-03
1.001945582963236631e-02 3.065139298202800358e-02 1.620668112637719269e-03
1.379477690358595771e-02 3.571399301752714583e-02 4.862241127580382676e-03
1.643276978638276778e-02 3.493682742823973203e-02 8.259684538940667911e-03
1.846062006243136266e-02 4.124743957264349198e-02 7.953936722093823963e-03
1.980935275141502278e-02 4.807232630732884149e-02 6.172267303169630404e-03
1.977019768867255278e-02 5.122119836552763844e-02 4.736819256125728017e-03
1.506771304846529248e-02 4.648606042293069313e-02 -1.908440577857259293e-04
1.290876992330119294e-02 5.105442395362240482e-02 -8.002821510198689092e-03
7.435241342637757996e-03 4.284251579194703341e-02 -9.572029631120059986e-03
1.094459864938477495e-02 4.203260137440007621e-02 -1.841387245789478499e-03
1.336063648580801053e-02 4.813732858046435026e-02 -5.999555205266910406e-03
6.158783866310148757e-03 4.371709228016070620e-02 -1.178064504743455559e-02
5.765979303206240567e-03 3.559645806827929637e-02 -6.574497202149985446e-03
1.009282608567773666e-02 3.840415586426618177e-02 -2.299739508630591067e-03
7.312498340699829201e-03 4.121314227837137578e-02 -8.142275135338659584e-03
1.370511646807819582e-03 3.431133523933350971e-02 -1.043501948098968929e-02
3.909024035884489483e-03 2.938320597982452959e-02 -3.969923807941365054e-03
4.403877123031425811e-03 3.150769477777745631e-02 -4.590360689897709200e-03
-8.877139718200330190e-04 2.824159321401883624e-02 -8.011671940056346725e-03
8.154235683875470054e-04 2.308642953877065168e-02 -5.601869747904538420e-03
7.220251966407709946e-04 2.107758882328050060e-02 -5.291237432961056614e-03
4.162521817820150766e-03 2.168326196917946119e-02 1.816604163201095091e-03
7.770539255677287420e-03 1.795117059353694769e-02 4.441067278090574805e-03
4.494734703699788773e-03 1.703208237098167294e-02 1.827080230180685950e-03
6.471507825939194249e-03 1.750698682406233442e-02 3.770191383537523349e-03
4.917165083831221729e-03 2.017547695573097821e-02 1.086698499144834226e-04
5.876888683876088822e-03 2.345132183209470630e-02 -5.759933651009333314e-04
4.521048199571653207e-03 2.828140041416940184e-02 -4.056070636295708992e-03
5.825139207956935971e-04 2.552679810115927525e-02 -8.346675238009818032e-03
-4.202281361047013235e-04 1.931258010642880607e-02 -6.460180114982360701e-03
5.152460885288845469e-04 1.598580533014084398e-02 -3.118880211348267536e-03
2.905725122558012411e-03 1.232759133484940053e-02 1.066297569043417326e-03
3.752846339949561776e-04 7.677481645015873067e-03 1.921657590670029932e-04
-2.426467562827658471e-03 8.814720070214455624e-03 -4.815107673210580926e-03
-1.106221257576432736e-03 8.501153760366168474e-03 -2.690404907874888087e-03
-1.482186098245452058e-03 2.757104731426554111e-03 2.322790554831850662e-05
-3.749123057964366852e-03 -1.625135165219208965e-03 -1.427711643662829977e-03
-4.232666516433726024e-03 -7.467113722528536182e-03 1.656186587628739318e-03
-9.091666377447818860e-04 -7.173491220407601614e-03 7.338636711643754286e-03
1.822867285963631831e-03 -1.583076985246937305e-03 8.125892188466838501e-03
4.992759616884764017e-03 2.225859745154315646e-04 1.166754677246148626e-02
7.094478398366120021e-03 5.342617776807506366e-03 1.218393730981720720e-02
6.396507408413386504e-03 9.441467367433335756e-03 8.583635993651575133e-03
9.845996518331985928e-03 1.383146442570029437e-02 1.171485965627945026e-02
1.124957817903281428e-02 1.671656786895313676e-02 1.226735985518824859e-02
1.391902468784198856e-02 2.292014907321056338e-02 1.234931189414776274e-02
1.096429765020200120e-02 2.453936749380459734e-02 6.560089560624151987e-03
8.739594025737620203e-03 2.734127534112721150e-02 1.208383297939310966e-03
4.612665652298440257e-03 2.575942834592817240e-02 -3.593353210758317134e-03
5.848565490915699598e-03 2.941125144507702668e-02 -4.422252714177449598e-03
9.047443742864242841e-03 2.786100809610476264e-02 1.819681756821416377e-03
6.080576725809101919e-03 2.154679906544013437e-02 9.279624197983013219e-04
4.976771428353343740e-03 2.331535196180843303e-02 -1.896230302979707997e-03
8.689275195629271240e-03 2.749488642771712871e-02 1.492293307593039586e-03
8.496788355306504614e-03 3.329270493042805340e-02 -2.854882608669605595e-03
9.526110953849824606e-03 3.902731449010474890e-02 -3.428533948366829179e-03
1.135336062225569473e-02 4.010207668657264635e-02 -1.991498297770734685e-03
1.306428728013943330e-02 3.504396750312321895e-02 3.687743917399352936e-03
1.529527851172908688e-02 3.838725163914107064e-02 5.136910294775929101e-03
1.517773060200281604e-02 3.333023656321183054e-02 7.705434213465277293e-03
1.803461180685717383e-02 3.184719960417840834e-02 1.251931112640292804e-02
2.260320434870733558e-02 3.308627800945786873e-02 1.632266873490433035e-02
2.245671627963899408e-02 2.793558488411074583e-02 2.050257682048588562e-02
1.812825391370848083e-02 2.336406109684056875e-02 1.833572481721204572e-02
1.583192708524455705e-02 1.922728938897885070e-02 1.788721878456552353e-02
1.412908629239385469e-02 2.251904078341340071e-02 1.392839274344647923e-02
1.022754341768079313e-02 2.043323427892881905e-02 8.431604111486707548e-03
9.934743432058827303e-03 1.882451904252925579e-02 8.700617330546710562e-03
1.149568089927822945e-02 1.471698606709041790e-02 1.415842951940874880e-02
8.883384784090824632e-03 1.175837374463803604e-02 1.173754503014030372e-02
6.017192298774246863e-03 1.031475064074132905e-02 7.554947970541976872e-03
7.653692575952896621e-03 8.153218404285388424e-03 1.185597267260862266e-02
8.203430028071174995e-03 4.489192996711959850e-03 1.531785551380569939e-02
4.773801114416198130e-03 1.882243513174398832e-03 1.056906410618859218e-02
3.579441222263511461e-03 4.794947851109392198e-04 9.057171795963138428e-03
5.696409137084398021e-03 -2.763386545526918831e-03 1.490010720340964601e-02
4.163924758635846254e-03 -5.850195762115801765e-03 1.412796289862201446e-02
7.519014999926633977e-04 -7.853765334953109051e-03 9.217894880833125970e-03
1.870883029346433538e-03 -9.724906251847988820e-03 1.198348978070537529e-02
3.218786552857266434e-03 -1.358462343065358797e-02 1.678207989050366916e-02
-2.801116966524241588e-04 -1.640565697941089376e-02 1.281328635004957799e-02
-2.235086705232113436e-03 -1.805092767349573968e-02 1.043142524359557018e-02
-3.598397343958993806e-03 -1.390252145627183383e-02 5.646138268000088466e-03

