4.799722160225162e-08
0.05212350635814299
0.04207152896722822
0.045262995450036106
0.04596557799789003
0.045880983954904045
0.05998447318361262
0.04945321959602733
0.055862581347408055
0.04494359186822202
0.05165666825556623
0.05190435221634533
0.04456110299578751
0.052259450532864626
0.057303275185479285
0.04624467815525983
0.057041386556492935
0.04143884654904485
0.048818024220280955
0.04710256039026698
0.05225777095561768
0.04898352618619798
0.05179373282199803
0.06136759210219643
0.06614015040310428
0.07303619407502929
0.04853325302672998
0.05650160736073516
0.041053162454506596
0.050940704182769234
0.07151443959016819
0.04832025207593777
0.051944219173299624
0.039144518825871645
0.047114778479143596
0.05308976374016814
0.08691060569027627
0.0714964458155084
0.0663161254845459
0.05409005186958531
0.052299622428571946
0.04874099461661695
0.04270603439549389
0.046690090745797955
0.044786426843587405
0.046349468236954246
0.046800477599198684
0.05951040155849478
0.05637392259352285
0.045194094812110744
0.05666026138071478
0.077281046230703
0.04635218880515453
0.045754085017526876
0.049808208587317396
0.04838915649073
0.06053085684206194
0.040834160115520005
0.06127259948483384
0.0464213441800133
0.049317517526600754
0.06881189653743788
0.07072280080436985
0.07255444222524988
0.05381360461902625
0.05929391946885393
0.04405705576082909
0.07463729233096311
0.0716539645476323
0.06639630824823113
0.05465586226391779
0.04734496093886361
0.04733802647864684
0.04989890925599168
0.04824630932356233
0.06189591679840647
0.04999746583086727
0.052212614340748
0.054512532892075485
0.04882655104901158
0.04533273945119665
0.0499178392769402
0.04838913634706217
0.05097959727742411
0.049679648007285075
0.054211471955553966
0.04965263954585203
0.062001726742364094
0.05267907514009901
0.045335100472181915
0.05528082067916954
0.0524964883970893
0.05608277316419025
0.05111493000743854
0.05274334969283101
0.05275732877339621
0.07191133229072631
0.07191135625361628
0.051984540395974235
0.06135053286198268
0.06720916172326294
