6.620192194172857e-08
0.17028765042418242
0.1927246319768142
0.2010569901508244
0.21526016793719854
0.19646653916868662
0.18271766352078028
0.1967375482588243
0.19987418034154933
0.19129225121655732
0.1931736211619589
0.173140823919664
0.1836250793685163
0.19813618318751156
0.19031842456403952
0.19976906589233273
0.21922756185831754
0.18234850026136726
0.20845626936970668
0.2248524302529758
0.20640880520290872
0.20385510714935834
0.18359030359546727
0.19639506603341345
0.1884644547647546
0.22089627344059296
0.2166988642332825
0.22727679989427269
0.23646210611663182
0.21582006214321514
0.23021681134185332
0.26586867727197766
0.27943218518074187
0.2794321938312178
0.24646402965306163
0.2609491256173346
0.25404496017520845
0.25444706814840756
0.26824579193686343
0.27119025637059185
0.30224102949812887
0.2814496334027889
0.2555409620430385
0.26379569566967487
0.23726861641401156
0.2542591829366934
0.28121163570015834
0.2838466210766415
0.20743539165475725
0.20001497492179646
0.2070196725638302
0.19117012391939855
0.1935997583182018
0.20329234389760123
0.2117491300651042
0.22139979185464115
0.2787889967377955
0.28428373332366613
0.19929288052479124
0.18199673019104415
0.2844133816371784
0.3059391364516605
0.3143686342338979
0.30957873350925935
0.3172049772059859
0.294880466726096
0.38212239234639067
0.3945601808337072
0.39927463028126897
0.4162380101554096
0.39631375649168643
0.39295681318222175
0.4066599271406475
0.41651556764956377
0.41150001897134675
0.410596199876756
0.4229468775802177
0.41457501509377187
0.40835805893977895
0.40924228364004983
0.40102621542406264
0.400322055833967
0.3943814126178227
0.39534240274436894
0.39623703080655204
0.40407222209123866
0.40120264617535284
0.4085367589013781
0.4078190522174433
0.41488719316348466
0.4208554725652762
0.4130101344430507
0.4212421307392362
0.42067561416220894
0.4169703546073628
0.39610892538455167
0.4083507504273941
0.42118097193563653
0.4266138058238508
0.42999702403071893
0.4284118453927621
